# Matrix 1
1.1905507893521585 0.396850261333426 0.39685026627545317
0.396850261333426 1.1905507888085323 -0.39685026137070184
0.39685026627545317 -0.39685026137070184 1.1905507887711893

# Matrix 2
1.190550787897954 0.3968502663655416 -0.3968502634044146
0.3968502663655416 1.1905507877554453 0.3968502584785313
-0.3968502634044146 0.3968502584785313 1.1905507905473873

# Matrix 3
1.2599210500834799 -0.6299605246512147 0.6299605239041517
-0.6299605246512147 1.2599210490283976 -0.6299605222043446
0.6299605239041517 -0.6299605222043446 1.2599210478510094

# Matrix 4
1.2599210458224328 -1.1143451134065706e-8 0.6299605174040759
-1.1143451134065706e-8 1.2599210458360197 0.6299605172709448
0.6299605174040759 0.6299605172709448 1.2599210463452168

# Matrix 5
1.1905507889612046 -0.39685026398669476 -0.3968502769911633
-0.39685026398669476 1.190550788908353 -0.39685024772711036
-0.3968502769911633 -0.39685024772711036 1.1905507887877098

# Matrix 6
1.5874010414564268 0.7937005189327982 0.7937005190734295
0.7937005189327982 1.1905507877377324 0.396850259282904
0.7937005190734295 0.396850259282904 1.1905507867643679

# Matrix 7
1.25992105111997 -0.6299605214013174 -0.629960524508197
-0.6299605214013174 1.2599210438211632 -7.263634138610227e-12
-0.629960524508197 -7.263634138610227e-12 1.2599210490261514

# Matrix 8
1.1905507902798331 -0.3968502637656786 -0.39685026356018643
-0.3968502637656786 1.1905507872916141 -0.3968502599734121
-0.39685026356018643 -0.3968502599734121 1.1905507876801291

# Matrix 9
1.2599210546233095 -0.6299605203642596 0.6299605209137515
-0.6299605203642596 1.2599210403128405 -4.1669134809296607e-10
0.6299605209137515 -4.1669134809296607e-10 1.2599210414053807

# Matrix 10
1.1905507885061335 -0.3968502623581687 0.39685026400107476
-0.3968502623581687 1.1905507870323517 0.39685026071690843
0.39685026400107476 0.39685026071690843 1.1905507894899663

# Matrix 11
1.2599210504679792 0.6299605183933968 -0.6299605198548593
0.6299605183933968 1.259921041923898 4.1975661280170205e-9
-0.6299605198548593 4.1975661280170205e-9 1.2599210443712616

# Matrix 12
1.259921049965266 0.6299605228930284 -0.6299605245771585
0.6299605228930284 1.259921045859129 -0.6299605229069535
-0.6299605245771585 -0.6299605229069535 1.2599210508834446

# Matrix 13
1.2599210567823 0.629960519115436 0.6299605194031198
0.629960519115436 1.259921036524914 1.8358814468655634e-9
0.6299605194031198 1.8358814468655634e-9 1.2599210376892525

# Matrix 14
1.2599210562022423 0.6299605268707761 0.6299605275242569
0.6299605268707761 1.2599210465098523 0.6299605179208393
0.6299605275242569 0.6299605179208393 1.2599210452882335

# Matrix 15
1.2599210458395353 -0.6299605161358417 -0.6299605144743727
-0.6299605161358417 1.2599210463217552 -1.451250508655042e-8
-0.6299605144743727 -1.451250508655042e-8 1.2599210428372334

# Matrix 16
1.2599210430918972 0.629960520731413 0.6299605207059997
0.629960520731413 1.2599210524236855 -1.0850889353708647e-8
0.6299605207059997 -1.0850889353708647e-8 1.2599210523940079

# Matrix 17
1.259921049540538 -0.6299605244649631 -0.6299605230615308
-0.6299605244649631 1.2599210502874336 0.6299605232729659
-0.6299605230615308 0.6299605232729659 1.2599210471614148

# Matrix 18
1.1905507889501725 0.3968502476721436 0.3968502751486476
0.3968502476721436 1.1905507889515605 -0.3968502662702009
0.3968502751486476 -0.3968502662702009 1.1905507891415583

# Matrix 19
1.5874010376618906 0.7937005182739522 -0.7937005182545928
0.7937005182739522 1.1905507884324922 -0.3968502660300383
-0.7937005182545928 -0.3968502660300383 1.1905507883864614

# Matrix 20
1.1905507885154323 0.396850247692551 -0.39685027088119385
0.396850247692551 1.1905507891445228 0.3968502703607039
-0.39685027088119385 0.3968502703607039 1.1905507892267928

# Matrix 21
1.2599210461793016 -3.979408136345408e-9 -0.6299605211235988
-3.979408136345408e-9 1.2599210466751956 -0.6299605213346677
-0.6299605211235988 -0.6299605213346677 1.2599210496494075

# Matrix 22
1.2599210427780887 -0.6299605165270699 0.6299605158667592
-0.6299605165270699 1.259921048504272 1.5944777664867077e-8
0.6299605158667592 1.5944777664867077e-8 1.2599210480696468

# Matrix 23
1.2599210575470459 0.6299605269208746 -0.6299605280642218
0.6299605269208746 1.259921043563688 -1.2828212325732205e-8
-0.6299605280642218 -1.2828212325732205e-8 1.259921044257984

# Matrix 24
1.2599210459762378 1.2654545508694514e-8 0.6299605174418133
1.2654545508694514e-8 1.2599210464363308 -0.6299605163014087
0.6299605174418133 -0.6299605163014087 1.2599210456033783

# Matrix 25
1.190550788526358 0.396850257501138 -0.39685027707894577
0.396850257501138 1.1905507898104903 0.39685025411306635
-0.39685027707894577 0.39685025411306635 1.1905507883086013

