# Matrix 1
1.6012492744081472 -0.800624637192471 0.4003123185960555 -0.40031231861397093 0.400312318596371 0.8006246371746377
-0.800624637192471 1.6012492742284827 0.40031231848625726 0.8006246369205018 -0.8006246368104509 -0.40031231925007366
0.4003123185960555 0.40031231848625726 1.6012492743440183 0.8006246369666471 -0.8006246369959585 0.8006246367007004
-0.40031231861397093 0.8006246369205018 0.8006246369666471 1.6012492738344097 -0.40031231791361344 0.4003123172527956
0.400312318596371 -0.8006246368104509 -0.8006246369959585 -0.40031231791361344 1.6012492737358601 -0.40031231717150917
0.8006246371746377 -0.40031231925007366 0.8006246367007004 0.4003123172527956 -0.40031231717150917 1.6012492714124484

Energy at Q: 0.3925406004837702

# Matrix 2
1.6012492736806514 -0.4003123184349243 -0.8006246367882185 -0.8006246368347903 -0.8006246367476295 0.8006246367940631
-0.4003123184349243 1.6012492736980262 0.8006246368869067 0.8006246368522932 -0.40031231837044945 -0.8006246368928127
-0.8006246367882185 0.8006246368869067 1.6012492735651334 0.4003123183886139 0.4003123181684612 -0.4003123182726829
-0.8006246368347903 0.8006246368522932 0.4003123183886139 1.6012492736928055 0.40031231837120573 -0.40031231839433795
-0.8006246367476295 -0.40031231837044945 0.4003123181684612 0.40031231837120573 1.6012492732686405 -0.40031231816145585
0.8006246367940631 -0.8006246368928127 -0.4003123182726829 -0.40031231839433795 -0.40031231816145585 1.6012492735572845

Energy at Q: 0.39254060049938927

# Matrix 3
1.6012502952164394 0.8006250552303519 0.8006251202060752 -0.40031240169852345 -0.400312500093512 -0.4003127298975927
0.8006250552303519 1.6012500534675365 0.4003124125550003 -0.8006248016567441 -0.8006246922832427 0.40031180775723635
0.8006251202060752 0.4003124125550003 1.6012501189874362 -0.800624845378989 -0.8006248566687434 0.40031198366277215
-0.40031240169852345 -0.8006248016567441 -0.800624845378989 1.6012498668378985 0.40031193949954685 -0.8006241428652161
-0.400312500093512 -0.8006246922832427 -0.8006248566687434 0.40031193949954685 1.6012492649129968 -0.8006232444176506
-0.4003127298975927 0.40031180775723635 0.40031198366277215 -0.8006241428652161 -0.8006232444176506 1.6012464026588198

Energy at Q: 0.39254057127126313

# Matrix 4
1.6653663553200506 -0.8326831776575573 -0.8326831776584545 0.8326831776584174 0.8326831776551162 0.8326831776560131
-0.8326831776575573 1.6653663553150164 0.8326831776559684 4.845604360767567e-12 -0.8326831776493697 9.757073948853456e-12
-0.8326831776584545 0.8326831776559684 1.665366355317484 -0.8326831776566556 -0.8326831776518993 -0.8326831776532838
0.8326831776584174 4.845604360767567e-12 -0.8326831776566556 1.665366355317354 0.8326831776517735 0.8326831776530287
0.8326831776551162 -0.8326831776493697 -0.8326831776518993 0.8326831776517735 1.6653663553011446 0.8326831776435658
0.8326831776560131 9.757073948853456e-12 -0.8326831776532838 0.8326831776530287 0.8326831776435658 1.6653663552983682

Energy at Q: 0.39254060050173767

# Matrix 5
1.665366355311291 0.8326831776556437 0.8326831776556441 0.8326831776556447 0.8326831776556417 0.8326831776556313
0.8326831776556437 1.665366355311286 0.8326831776556466 0.8326831776556233 0.8326831776556289 0.8326831776556105
0.8326831776556441 0.8326831776556466 1.6653663553112785 0.832683177655658 7.291862478995553e-15 3.7640807756035883e-14
0.8326831776556447 0.8326831776556233 0.832683177655658 1.665366355311222 0.8326831776556198 0.8326831776555178
0.8326831776556417 0.8326831776556289 7.291862478995553e-15 0.8326831776556198 1.6653663553112625 0.8326831776555709
0.8326831776556313 0.8326831776556105 3.7640807756035883e-14 0.8326831776555178 0.8326831776555709 1.6653663553110045

Energy at Q: 0.39254060050189726

# Matrix 6
1.6012492735692716 0.8006246367845768 -0.40031231839376324 0.4003123183936649 -0.40031231839067416 -0.40031231839346815
0.8006246367845768 1.6012492735692385 0.4003123183910369 0.8006246367845649 -0.8006246367819285 -0.8006246367839989
-0.40031231839376324 0.4003123183910369 1.6012492735695818 -0.40031231839359893 -0.8006246367823666 0.40031231839370124
0.4003123183936649 0.8006246367845649 -0.40031231839359893 1.6012492735690624 -0.4003123183910975 -0.40031231839022297
-0.40031231839067416 -0.8006246367819285 -0.8006246367823666 -0.4003123183910975 1.6012492735642245 0.4003123183902446
-0.40031231839346815 -0.8006246367839989 0.40031231839370124 -0.40031231839022297 0.4003123183902446 1.6012492735667923

Energy at Q: 0.3925406005019576

# Matrix 7
1.6653663553316165 0.8326831776652449 -0.832683177662556 0.8326831776631494 -0.8326831776591119 0.832683177656156
0.8326831776652449 1.6653663553305689 3.210761701973963e-12 -2.429156691326496e-12 -0.8326831776618495 0.8326831776594468
-0.832683177662556 3.210761701973963e-12 1.6653663553184535 -0.8326831776552909 0.8326831776515778 -0.8326831776406978
0.8326831776631494 -2.429156691326496e-12 -0.8326831776552909 1.6653663553244402 -0.8326831776528415 0.8326831776457804
-0.8326831776591119 -0.8326831776618495 0.8326831776515778 -0.8326831776528415 1.6653663553057745 -0.8326831776289108
0.832683177656156 0.8326831776594468 -0.8326831776406978 0.8326831776457804 -0.8326831776289108 1.6653663552792208

Energy at Q: 0.3925406005015699

# Matrix 8
1.6012492737003337 -0.8006246368406819 0.800624636841495 -0.40031231840292875 0.4003123184029904 0.4003123184735003
-0.8006246368406819 1.601249273669964 -0.4003123183859251 0.8006246367773546 -0.8006246367717337 0.4003123182705221
0.800624636841495 -0.4003123183859251 1.6012492736714117 -0.8006246367779724 0.8006246367722638 -0.40031231826975305
-0.40031231840292875 0.8006246367773546 -0.8006246367779724 1.6012492735550186 -0.4003123182643624 0.8006246365393455
0.4003123184029904 -0.8006246367717337 0.8006246367722638 -0.4003123182643624 1.6012492735382748 -0.8006246365228942
0.4003123184735003 0.4003123182705221 -0.40031231826975305 0.8006246365393455 -0.8006246365228942 1.6012492730599592

Energy at Q: 0.3925406004995244

# Matrix 9
1.665366355311563 0.832683177655742 0.8326831776557484 0.8326831776557345 0.8326831776557676 -0.8326831776557312
0.832683177655742 1.6653663553114153 0.8326831776556316 0.8326831776556062 -2.2825672820284813e-13 1.197651964284028e-13
0.8326831776557484 0.8326831776556316 1.665366355311448 0.83268317765563 0.8326831776555761 -0.8326831776556882
0.8326831776557345 0.8326831776556062 0.83268317765563 1.6653663553113223 0.8326831776556121 1.8505286268183351e-13
0.8326831776557676 -2.2825672820284813e-13 0.8326831776555761 0.8326831776556121 1.6653663553111633 -0.8326831776557633
-0.8326831776557312 1.197651964284028e-13 -0.8326831776556882 1.8505286268183351e-13 -0.8326831776557633 1.6653663553113511

Energy at Q: 0.3925406005018795

# Matrix 10
1.6012492735671067 -0.4003123183907505 0.8006246367832579 0.8006246367832596 -0.800624636783142 0.8006246367820649
-0.4003123183907505 1.6012492735694566 -0.800624636783735 -0.8006246367835739 0.8006246367836843 -0.800624636784048
0.8006246367832579 -0.800624636783735 1.6012492735677308 0.4003123183909087 -0.4003123183912514 0.40031231839162323
0.8006246367832596 -0.8006246367835739 0.4003123183909087 1.6012492735677706 -0.40031231839104525 0.4003123183915224
-0.800624636783142 0.8006246367836843 -0.4003123183912514 -0.40031231839104525 1.6012492735674124 -0.40031231839162323
0.8006246367820649 -0.800624636784048 0.40031231839162323 0.4003123183915224 -0.40031231839162323 1.6012492735652732

Energy at Q: 0.3925406005019841

# Matrix 11
1.6653663563555017 -0.8326831781541875 0.8326831781574777 0.8326831781736919 0.8326831781558653 0.8326831781736964
-0.8326831781541875 1.6653663543019317 -0.832683176892668 3.3396830800851636e-10 1.136664864886222e-9 2.7658756524519482e-11
0.8326831781574777 -0.832683176892668 1.6653663555445362 -1.783550079849552e-10 0.8326831775103769 0.8326831781549839
0.8326831781736919 3.3396830800851636e-10 -1.783550079849552e-10 1.665366356204649 0.8326831778542046 -8.99253973562384e-12
0.8326831781558653 1.136664864886222e-9 0.8326831775103769 0.8326831778542046 1.6653663555381033 0.8326831781493268
0.8326831781736964 2.7658756524519482e-11 0.8326831781549839 -8.99253973562384e-12 0.8326831781493268 1.6653663563506607

Energy at Q: 0.3925406004835463

# Matrix 12
1.6012492748456535 -0.4003123189015976 0.8006246372807828 -0.800624637238262 -0.8006246373018017 -0.8006246364080442
-0.4003123189015976 1.6012492747483693 -0.8006246376852387 0.8006246376397995 -0.40031231861509076 -0.4003123176517927
0.8006246372807828 -0.8006246376852387 1.6012492747476001 -0.4003123183944972 -0.4003123185396578 -0.40031231737361395
-0.800624637238262 0.8006246376397995 -0.4003123183944972 1.601249274636003 0.4003123185950815 0.40031231719873317
-0.8006246373018017 -0.40031231861509076 -0.4003123185396578 0.4003123185950815 1.6012492747694658 0.40031231785947047
-0.8006246364080442 -0.4003123176517927 -0.40031231737361395 0.40031231719873317 0.40031231785947047 1.6012492682809525

Energy at Q: 0.3925406004693156

# Matrix 13
1.665366358906464 -0.832683178840876 0.8326831785474276 0.8326831783836905 -0.8326831785271235 0.8326831763874732
-0.832683178840876 1.6653663582864098 1.8245288498637763e-9 -0.8326831774711851 -1.9929770461222234e-9 -0.8326831753161246
0.8326831785474276 1.8245288498637763e-9 1.665366357997605 0.8326831771603577 -0.8326831776077049 0.8326831743923895
0.8326831783836905 -0.8326831774711851 0.8326831771603577 1.6653663546255437 -0.832683175612649 0.8326831707067507
-0.8326831785271235 -1.9929770461222234e-9 -0.8326831776077049 -0.832683175612649 1.665366356121895 -0.8326831717428622
0.8326831763874732 -0.8326831753161246 0.8326831743923895 0.8326831707067507 -0.8326831717428622 1.665366341977634

Energy at Q: 0.39254060041288025

# Matrix 14
1.6653663553112872 0.832683177655642 0.8326831776556396 -0.8326831776556396 0.8326831776556407 -0.8326831776556406
0.832683177655642 1.665366355311268 0.8326831776556406 -0.8326831776556364 -1.365162237191929e-14 -2.4074701885490164e-14
0.8326831776556396 0.8326831776556406 1.6653663553112703 -0.8326831776556352 0.8326831776556142 -0.8326831776556366
-0.8326831776556396 -0.8326831776556364 -0.8326831776556352 1.6653663553112437 -0.8326831776556535 0.8326831776556098
0.8326831776556407 -1.365162237191929e-14 0.8326831776556142 -0.8326831776556535 1.665366355311214 -0.8326831776556296
-0.8326831776556406 -2.4074701885490164e-14 -0.8326831776556366 0.8326831776556098 -0.8326831776556296 1.6653663553111893

Energy at Q: 0.3925406005018917

# Matrix 15
1.6653828409751725 0.8326887925557619 0.8326887650552752 0.8326887356452178 0.832683479359126 -0.8326781390411593
0.8326887925557619 1.6653774672586894 -5.2844151012485095e-6 0.8326832755098567 0.832672476836657 -0.8326671309477665
0.8326887650552752 -5.2844151012485095e-6 1.6653828417279146 -5.34071736282293e-6 0.8326834770963577 -0.8326781376913179
0.8326887356452178 0.8326832755098567 -5.34071736282293e-6 1.6653772359128596 -2.1827808411588244e-5 -0.8326668439137718
0.832683479359126 0.832672476836657 0.8326834770963577 -2.1827808411588244e-5 1.6653447163847022 -0.8326399253955867
-0.8326781390411593 -0.8326671309477665 -0.8326781376913179 -0.8326668439137718 -0.8326399253955867 1.665317911144602

Energy at Q: 0.39253996807302266

# Matrix 16
1.6653663553150713 -0.8326831776574743 -0.8326831776575044 -0.832683177657454 -0.8326831776574616 0.8326831776573544
-0.8326831776574743 1.66536635531399 -9.26955475504806e-13 -1.0592926025422242e-12 0.8326831776554862 -0.8326831776538322
-0.8326831776575044 -9.26955475504806e-13 1.6653663553142182 0.832683177656582 0.8326831776557321 -0.8326831776539936
-0.832683177657454 -1.0592926025422242e-12 0.832683177656582 1.665366355313799 -1.978040122366307e-12 -0.8326831776534507
-0.8326831776574616 0.8326831776554862 0.8326831776557321 -1.978040122366307e-12 1.6653663553109592 -0.8326831776504329
0.8326831776573544 -0.8326831776538322 -0.8326831776539936 -0.8326831776534507 -0.8326831776504329 1.6653663553006126

Energy at Q: 0.3925406005018546

# Matrix 17
1.6653663611303624 0.83268318010439 0.8326831799593157 0.8326831803986284 -0.8326831802707019 0.8326831794998707
0.83268318010439 1.6653663608255307 0.8326831798020706 -7.764015050160752e-10 7.583243511762928e-10 -1.9813825882459807e-9
0.8326831799593157 0.8326831798020706 1.6653663588504002 -1.5422919970838728e-9 -0.832683178284128 0.8326831761298942
0.8326831803986284 -7.764015050160752e-10 -1.5422919970838728e-9 1.6653663599035646 1.391483061668561e-9 -3.0895491954369753e-9
-0.8326831802707019 7.583243511762928e-10 -0.832683178284128 1.391483061668561e-9 1.6653663593076793 -0.8326831765859478
0.8326831794998707 -1.9813825882459807e-9 0.8326831761298942 -3.0895491954369753e-9 -0.8326831765859478 1.6653663530241476

Energy at Q: 0.3925406003687317

# Matrix 18
1.6653663556862475 -0.832683177766897 -0.8326831777661232 -0.8326831777645011 -0.832683177607181 0.8326831772941601
-0.832683177766897 1.6653663556839373 0.8326831777654572 -1.548579722738647e-10 -3.121699743615962e-10 -0.8326831772910686
-0.8326831777661232 0.8326831777654572 1.665366355685541 0.8326831777644003 -3.137684111465011e-10 -0.8326831772909348
-0.8326831777645011 -1.548579722738647e-10 0.8326831777644003 1.6653663556755 0.8326831775989278 -0.8326831772776032
-0.832683177607181 -3.121699743615962e-10 -3.137684111465011e-10 0.8326831775989278 1.6653663552098465 -0.8326831766546586
0.8326831772941601 -0.8326831772910686 -0.8326831772909348 -0.8326831772776032 -0.8326831766546586 1.6653663533027576

Energy at Q: 0.39254060049271283

# Matrix 19
1.6653664121993441 -0.832683191835089 -0.8326831912290604 -0.8326831906058993 -0.8326831913742768 0.8326831329607973
-0.832683191835089 1.6653664108354178 -3.020780268909059e-8 0.8326831880221667 0.8326831889431717 9.181184054627463e-8
-0.8326831912290604 -3.020780268909059e-8 1.6653664091605127 0.8326831855780712 -3.266968898020691e-8 -0.8326831250070962
-0.8326831906058993 0.8326831880221667 0.8326831855780712 1.6653663995311758 0.832683183729772 -0.8326831152414781
-0.8326831913742768 0.8326831889431717 -3.266968898020691e-8 0.832683183729772 1.6653664057871571 -0.832683121026072
0.8326831329607973 9.181184054627463e-8 -0.8326831250070962 -0.8326831152414781 -0.832683121026072 1.6653661525378716

Energy at Q: 0.39254059864149776

# Matrix 20
1.6012492739597854 -0.4003123184973254 0.8006246369770612 -0.8006246369594505 -0.8006246369770122 0.8006246369655019
-0.4003123184973254 1.6012492739540831 0.4003123184795908 -0.40031231849718224 -0.40031231847946724 -0.8006246369778063
0.8006246369770612 0.4003123184795908 1.601249273837938 -0.4003123184738786 -0.4003123183058805 0.40031231801046413
-0.8006246369594505 -0.40031231849718224 -0.4003123184738786 1.601249273959181 0.40031231847359705 -0.4003123184671115
-0.8006246369770122 -0.40031231847946724 -0.4003123183058805 0.40031231847359705 1.6012492738368802 -0.4003123180090723
0.8006246369655019 -0.8006246369778063 0.40031231801046413 -0.4003123184671115 -0.4003123180090723 1.6012492725211789

Energy at Q: 0.39254060049389633

# Matrix 21
1.6653663584352274 0.8326831786834924 0.8326831788301368 -0.8326831782255893 -0.8326831776142675 -0.8326831771525978
0.8326831786834924 1.6653663584359808 0.8326831788319188 1.5344200023750047e-9 2.1405685662078747e-9 2.6112786156705906e-9
0.8326831788301368 0.8326831788319188 1.6653663587325 1.6916873682098737e-9 -0.832683177448002 -0.8326831772876063
-0.8326831782255893 1.5344200023750047e-9 1.6916873682098737e-9 1.665366356463196 0.8326831753189333 0.8326831745402374
-0.8326831776142675 2.1405685662078747e-9 -0.832683177448002 0.8326831753189333 1.6653663533707983 0.8326831722324515
-0.8326831771525978 2.6112786156705906e-9 -0.8326831772876063 0.8326831745402374 0.8326831722324515 1.6653663504423908

Energy at Q: 0.3925406004131413

# Matrix 22
1.665366355346978 -0.8326831776721716 -0.832683177672239 0.8326831776681545 0.832683177666481 -0.8326831776550189
-0.8326831776721716 1.6653663553410598 0.8326831776697783 1.3870312087834817e-11 -0.8326831776540667 -5.320886201239042e-11
-0.832683177672239 0.8326831776697783 1.6653663553443132 -0.832683177659892 4.777760157923257e-12 -3.175194884672047e-11
0.8326831776681545 1.3870312087834817e-11 -0.832683177659892 1.6653663553361708 -8.071893388139445e-12 -0.8326831776420633
0.832683177666481 -0.8326831776540667 4.777760157923257e-12 -8.071893388139445e-12 1.66536635531423 -0.832683177613483
-0.8326831776550189 -5.320886201239042e-11 -3.175194884672047e-11 -0.8326831776420633 -0.832683177613483 1.6653663552296236

Energy at Q: 0.3925406005010389

# Matrix 23
1.6653663553341356 -0.832683177665863 0.8326831776666376 0.8326831776658669 0.8326831776658553 0.8326831776650673
-0.832683177665863 1.6653663553275417 -0.8326831776666677 -0.8326831776715532 -0.8326831776543752 -6.558368293586306e-12
0.8326831776666376 -0.8326831776666677 1.6653663553331284 0.8326831776633378 -3.1414367489237263e-12 0.8326831776566797
0.8326831776658669 -0.8326831776715532 0.8326831776633378 1.665366355330576 2.0155607635510574e-12 0.8326831776486954
0.8326831776658553 -0.8326831776543752 -3.1414367489237263e-12 2.0155607635510574e-12 1.665366355302043 -1.0257597576569445e-11
0.8326831776650673 -6.558368293586306e-12 0.8326831776566797 0.8326831776486954 -1.0257597576569445e-11 1.665366355272425

Energy at Q: 0.39254060050146855

# Matrix 24
1.6653664080611905 -0.8326831896880412 -0.8326831893923485 0.8326831895414418 0.8326831312737134 -0.832683130649614
-0.8326831896880412 1.6653664064007927 -2.8832914939428366e-8 -0.8326831892371482 -0.8326831294497318 -8.939838446142093e-8
-0.8326831893923485 -2.8832914939428366e-8 1.6653664067099674 -0.8326831886337455 -0.8326831297639719 0.8326831293022242
0.8326831895414418 -0.8326831892371482 -0.8326831886337455 1.6653664065522455 0.8326831297552301 8.816861713634885e-8
0.8326831312737134 -0.8326831294497318 -0.8326831297639719 0.8326831297552301 1.665366170019536 -0.8326829499450538
-0.832683130649614 -8.939838446142093e-8 0.8326831293022242 8.816861713634885e-8 -0.8326829499450538 1.6653661646327451

Energy at Q: 0.3925405987477347

# Matrix 25
1.6653663558425524 0.8326831779197155 -0.8326831779194364 -0.8326831779198995 -0.832683177921092 -0.8326831779206354
0.8326831779197155 1.66536635583721 1.7491963575405277e-12 2.1813203724013527e-13 -4.799815037354441e-13 3.5880622282426745e-12
-0.8326831779194364 1.7491963575405277e-12 1.6653663556711111 0.8326831780607973 3.1103113731886886e-10 4.4753648426940264e-10
-0.8326831779198995 2.1813203724013527e-13 0.8326831780607973 1.6653663556836193 0.8326831776188474 0.8326831774606324
-0.832683177921092 -4.799815037354441e-13 3.1103113731886886e-10 0.8326831776188474 1.6653663552194158 0.8326831769984737
-0.8326831779206354 3.5880622282426745e-12 4.4753648426940264e-10 0.8326831774606324 0.8326831769984737 1.6653663544572903

Energy at Q: 0.39254060049270534

# Matrix 26
1.6012492738917161 0.4003123185052102 0.8006246368995904 -0.8006246368524648 -0.8006246369286438 0.8006246368988523
0.4003123185052102 1.6012492738740804 0.8006246370445746 0.4003123182950837 0.4003123184645352 -0.40031231831842534
0.8006246368995904 0.8006246370445746 1.6012492737762158 -0.4003123181456441 -0.4003123184468427 0.40031231823281227
-0.8006246368524648 0.4003123182950837 -0.4003123181456441 1.601249273193692 0.40031231842423626 -0.4003123178888558
-0.8006246369286438 0.4003123184645352 -0.4003123184468427 0.40031231842423626 1.6012492738744848 -0.4003123184528376
0.8006246368988523 -0.40031231831842534 0.40031231823281227 -0.4003123178888558 -0.4003123184528376 1.6012492734325925

Energy at Q: 0.39254060049551187

# Matrix 27
1.6653663621492407 0.832683180317632 -0.8326831798427116 0.8326831798573614 -0.8326831792244317 0.832683179379737
0.832683180317632 1.6653663606209268 -0.832683179073894 0.8326831795387571 2.454166566080292e-9 -1.5508670811420606e-9
-0.8326831798427116 -0.832683179073894 1.6653663589219583 -0.8326831783133709 0.8326831755547671 -0.8326831764776923
0.8326831798573614 0.8326831795387571 -0.8326831783133709 1.665366359693086 3.806648175361187e-9 0.8326831774136371
-0.8326831792244317 2.454166566080292e-9 0.8326831755547671 3.806648175361187e-9 1.6653663458867742 -0.8326831685286114
0.832683179379737 -1.5508670811420606e-9 -0.8326831764776923 0.8326831774136371 -0.8326831685286114 1.6653663514736032

Energy at Q: 0.3925406003515242

# Matrix 28
1.6653663560496543 0.8326831777231053 0.8326831777167674 -0.8326831777192031 0.8326831774135688 -0.8326831769584884
0.8326831777231053 1.6653663555840985 0.8326831775503557 6.146847551913528e-10 -1.0810552718068098e-9 -0.8326831763193157
0.8326831777167674 0.8326831775503557 1.6653663555614944 -0.8326831774029685 0.8326831769284996 -0.8326831762942427
-0.8326831777192031 6.146847551913528e-10 -0.8326831774029685 1.6653663555859946 -0.8326831769490975 0.8326831763301757
0.8326831774135688 -1.0810552718068098e-9 0.8326831769284996 -0.8326831769490975 1.6653663543416146 -0.8326831750768005
-0.8326831769584884 -0.8326831763193157 -0.8326831762942427 0.8326831763301757 -0.8326831750768005 1.665366351380007

Energy at Q: 0.3925406004838556

# Matrix 29
1.665366356043572 0.8326831777141107 0.8326831778672615 -0.8326831777124326 0.8326831777230999 -0.8326831772461525
0.8326831777141107 1.665366355578353 0.832683177707603 6.234946957677968e-10 0.8326831775634828 1.398709176895559e-9
0.8326831778672615 0.832683177707603 1.6653663560338492 -0.8326831777068083 0.8326831777174253 9.34986938390587e-10
-0.8326831777124326 6.234946957677968e-10 -0.8326831777068083 1.6653663555731812 -0.8326831774141921 0.8326831767701826
0.8326831777230999 0.8326831775634828 0.8326831777174253 -0.8326831774141921 1.6653663555889788 1.3725368389705254e-9
-0.8326831772461525 1.398709176895559e-9 9.34986938390587e-10 0.8326831767701826 1.3725368389705254e-9 1.6653663535366416

Energy at Q: 0.39254060048390765

# Matrix 30
1.665366355317251 0.8326831776573971 -0.8326831776573983 0.8326831776582437 -0.8326831776573871 -0.8326831776557096
0.8326831776573971 1.6653663553139288 4.908971022246536e-12 -1.6135933317890082e-12 -0.8326831776540209 -0.8326831776490109
-0.8326831776573983 4.908971022246536e-12 1.6653663553115488 -0.8326831776574504 0.832683177652548 0.8326831776459048
0.8326831776582437 -1.6135933317890082e-12 -0.8326831776574504 1.6653663553172298 -0.8326831776573687 3.210441038607904e-12
-0.8326831776573871 -0.8326831776540209 0.832683177652548 -0.8326831776573687 1.665366355311181 0.8326831776456635
-0.8326831776557096 -0.8326831776490109 0.8326831776459048 3.210441038607904e-12 0.8326831776456635 1.6653663552911382

Energy at Q: 0.3925406005018059

# Matrix 31
1.665366355313398 0.8326831776534305 0.832683177652631 -0.8326831776534235 0.832683177646114 -0.8326831776419514
0.8326831776534305 1.6653663553182276 -9.548234763318471e-12 -0.8326831776533918 0.8326831776460819 -0.8326831776416993
0.832683177652631 -9.548234763318471e-12 1.6653663553177567 7.324920061661504e-12 0.832683177646053 -0.8326831776419027
-0.8326831776534235 -0.8326831776533918 7.324920061661504e-12 1.665366355313246 -0.8326831776459637 -1.803710093016761e-11
0.832683177646114 0.8326831776460819 0.832683177646053 -0.8326831776459637 1.665366355291925 -0.8326831776239105
-0.8326831776419514 -0.8326831776416993 -0.8326831776419027 -1.803710093016761e-11 -0.8326831776239105 1.6653663552739617

Energy at Q: 0.3925406005017046

# Matrix 32
1.6653663556722824 0.8326831774577188 0.8326831776075881 -0.8326831774559929 0.8326831777565599 -0.8326831777607429
0.8326831774577188 1.665366354453577 0.8326831769962681 -0.8326831765419448 -4.637324807189777e-10 4.5377478065513053e-10
0.8326831776075881 0.8326831769962681 1.66536635521285 -0.832683176998918 0.8326831775994057 -0.8326831776102973
-0.8326831774559929 -0.8326831765419448 -0.832683176998918 1.665366354454373 4.638300415672666e-10 0.8326831774587917
0.8326831777565599 -4.637324807189777e-10 0.8326831775994057 4.638300415672666e-10 1.665366355660532 -0.8326831777565686
-0.8326831777607429 4.5377478065513053e-10 -0.8326831776102973 0.8326831774587917 -0.8326831777565686 1.6653663556732585

Energy at Q: 0.39254060049305545

# Matrix 33
1.665366355311265 -0.8326831776556114 0.8326831776556242 -0.8326831776556313 0.8326831776556273 0.832683177655623
-0.8326831776556114 1.6653663553111873 -0.8326831776555761 -3.728146864708093e-14 4.8842460012275006e-14 7.343989918361991e-14
0.8326831776556242 -0.8326831776555761 1.6653663553112312 3.445039993428678e-14 0.8326831776556014 0.8326831776555911
-0.8326831776556313 -3.728146864708093e-14 3.445039993428678e-14 1.665366355311268 -0.8326831776556142 3.648792278567748e-14
0.8326831776556273 4.8842460012275006e-14 0.8326831776556014 -0.8326831776556142 1.6653663553112563 0.832683177655608
0.832683177655623 7.343989918361991e-14 0.8326831776555911 3.648792278567748e-14 0.832683177655608 1.6653663553112394

Energy at Q: 0.39254060050188927

# Matrix 34
1.665366436089256 -0.8326832176697526 0.8326832176648714 -0.8326832156898594 -0.8326832156842221 -0.8326832127973635
-0.8326832176697526 1.6653664357869722 -0.8326832178173083 -1.35989086738932e-9 -1.3719867105377734e-9 0.8326832155320947
0.8326832176648714 -0.8326832178173083 1.665366435931907 -0.8326832149238269 3.3578628292587244e-9 -0.8326832114080052
-0.8326832156898594 -1.35989086738932e-9 -0.8326832149238269 1.6653664002596182 0.8326831825938891 0.8326831180923702
-0.8326832156842221 -1.3719867105377734e-9 3.3578628292587244e-9 0.8326831825938891 1.6653664014761136 0.832683119907723
-0.8326832127973635 0.8326832155320947 -0.8326832114080052 0.8326831180923702 0.832683119907723 1.6653661542622107

Energy at Q: 0.3925405987304053

# Matrix 35
1.6653663604036713 0.832683179747586 -0.8326831792937455 -0.8326831785400488 -0.8326831786891262 -0.8326831777773781
0.832683179747586 1.665366359652305 1.5211953801777857e-9 -0.8326831774684986 2.133948976038616e-9 -0.8326831764026857
-0.8326831792937455 1.5211953801777857e-9 1.6653663569282953 0.8326831739778703 0.832683175043543 -7.0008241784148455e-9
-0.8326831785400488 -0.8326831774684986 0.8326831739778703 1.6653663494345667 0.8326831709059134 0.8326831669134872
-0.8326831786891262 2.133948976038616e-9 0.832683175043543 0.8326831709059134 1.6653663521752016 0.832683169348682
-0.8326831777773781 -0.8326831764026857 -7.0008241784148455e-9 0.8326831669134872 0.832683169348682 1.665366344183975

Energy at Q: 0.3925406003870939

# Matrix 36
1.601249273681964 -0.40031231843845055 -0.8006246368266481 -0.800624636832394 0.8006246368263804 0.8006246367686557
-0.40031231843845055 1.6012492736587496 -0.4003123183938989 0.8006246368783261 -0.800624636884325 0.40031231828945724
-0.8006246368266481 -0.4003123183938989 1.6012492736598225 0.40031231838761294 -0.40031231838193215 -0.40031231827856767
-0.800624636832394 0.8006246368783261 0.40031231838761294 1.6012492736648474 -0.4003123183878247 -0.40031231829493263
0.8006246368263804 -0.800624636884325 -0.40031231838193215 -0.4003123183878247 1.6012492736589254 0.40031231827633673
0.8006246367686557 0.40031231828945724 -0.40031231827856767 -0.40031231829493263 0.40031231827633673 1.6012492731451404

Energy at Q: 0.3925406004998327

# Matrix 37
1.601249273674799 -0.4003123184360583 -0.8006246368258566 -0.8006246368256943 -0.8006246368257537 -0.8006246367791463
-0.4003123184360583 1.6012492736515622 -0.4003123183899229 0.8006246368722276 0.8006246368718786 -0.40031231829677794
-0.8006246368258566 -0.4003123183899229 1.6012492736516808 0.40031231838979053 0.40031231838958786 0.40031231829739516
-0.8006246368256943 0.8006246368722276 0.40031231838979053 1.6012492736510613 0.4003123183896593 0.40031231829557395
-0.8006246368257537 0.8006246368718786 0.40031231838958786 0.4003123183896593 1.6012492736511301 0.4003123182972405
-0.8006246367791463 -0.40031231829677794 0.40031231829739516 0.40031231829557395 0.4003123182972405 1.6012492731840262

Energy at Q: 0.39254060049999906

# Matrix 38
1.6012492738684203 0.8006246369225083 0.8006246369167063 0.4003123184350514 -0.4003123184236358 -0.40031231855722726
0.8006246369225083 1.6012492738915636 0.40031231842933934 0.800624636899197 -0.8006246368821918 0.40031231834204695
0.8006246369167063 0.40031231842933934 1.601249273746742 0.8006246368240281 -0.8006246366679244 0.4003123179831621
0.4003123184350514 0.800624636899197 0.8006246368240281 1.6012492737755952 -0.40031231823832786 0.8006246365283588
-0.4003123184236358 -0.8006246368821918 -0.8006246366679244 -0.40031231823832786 1.601249273457682 -0.8006246361405385
-0.40031231855722726 0.40031231834204695 0.4003123179831621 0.8006246365283588 -0.8006246361405385 1.6012492724590177

Energy at Q: 0.39254060049550515

# Matrix 39
1.6653663616178136 0.8326831805816026 -0.8326831802779039 -0.8326831802724688 -0.8326831799614334 0.8326831795109269
0.8326831805816026 1.6653663605530629 -0.8326831799843781 -3.1769001852176817e-10 -0.8326831812001029 -2.904044470839943e-10
-0.8326831802779039 -0.8326831799843781 1.6653663607015265 0.8326831793263513 0.8326831788729696 -0.8326831777867938
-0.8326831802724688 -3.1769001852176817e-10 0.8326831793263513 1.6653663560479068 0.8326831733219735 -0.8326831713161
-0.8326831799614334 -0.8326831812001029 0.8326831788729696 0.8326831733219735 1.6653663508296288 -0.8326831671855556
0.8326831795109269 -2.904044470839943e-10 -0.8326831777867938 -0.8326831713161 -0.8326831671855556 1.6653663442218123

Energy at Q: 0.3925406003684021

# Matrix 40
1.6653663642702548 0.8326831821342846 0.8326831819785907 0.8326831821269622 0.8326831807514483 -0.8326831810619237
0.8326831821342846 1.6653663645806842 0.8326831818294453 0.832683181672257 -1.2329249940045185e-9 1.6802787727336318e-9
0.8326831819785907 0.8326831818294453 1.6653663607743328 0.8326831784756044 0.8326831743494183 -0.8326831754419419
0.8326831821269622 0.832683181672257 0.8326831784756044 1.66536636091879 -7.495378753993343e-9 -0.8326831757379248
0.8326831807514483 -1.2329249940045185e-9 0.8326831743494183 -7.495378753993343e-9 1.665366344367072 -0.8326831657935013
-0.8326831810619237 1.6802787727336318e-9 -0.8326831754419419 -0.8326831757379248 -0.8326831657935013 1.6653663504305267

Energy at Q: 0.39254060029843224

# Matrix 41
1.601249273767809 -0.40031231848203 0.8006246368261241 -0.8006246368258444 -0.8006246368722302 -0.8006246367337474
-0.40031231848203 1.601249273767879 0.4003123183901654 0.80062463696491 0.8006246369419301 -0.4003123182736479
0.8006246368261241 0.4003123183901654 1.6012492736461208 -0.4003123182918544 -0.4003123183834929 -0.40031231810025975
-0.8006246368258444 0.80062463696491 -0.4003123182918544 1.6012492736455888 0.40031231838425696 0.4003123180993628
-0.8006246368722302 0.8006246369419301 -0.4003123183834929 0.40031231838425696 1.6012492737617186 0.4003123182616781
-0.8006246367337474 -0.4003123182736479 -0.40031231810025975 0.4003123180993628 0.4003123182616781 1.6012492729060925

Energy at Q: 0.3925406004979141

# Matrix 42
1.665366355317184 -0.8326831776581283 -0.8326831776582494 0.832683177658218 0.8326831776563118 -0.8326831776564125
-0.8326831776581283 1.665366355313942 8.941273454053972e-13 -2.4325666787149926e-12 -0.8326831776531562 0.8326831776547718
-0.8326831776582494 8.941273454053972e-13 1.6653663553163893 -0.8326831776565599 -0.8326831776582083 0.8326831776574514
0.832683177658218 -2.4325666787149926e-12 -0.8326831776565599 1.6653663553139482 0.8326831776598532 -0.8326831776581657
0.8326831776563118 -0.8326831776531562 -0.8326831776582083 0.8326831776598532 1.665366355306917 -0.832683177649691
-0.8326831776564125 0.8326831776547718 0.8326831776574514 -0.8326831776581657 -0.832683177649691 1.6653663553096207

Energy at Q: 0.39254060050179573

# Matrix 43
1.6012492736815338 0.8006246368291765 -0.8006246368294655 -0.40031231838329134 -0.400312318383087 0.4003123185095529
0.8006246368291765 1.601249273665257 -0.40031231839447345 -0.8006246367834715 -0.800624636783422 -0.4003123182903728
-0.8006246368294655 -0.40031231839447345 1.6012492736668604 0.8006246367845156 0.8006246367839792 0.4003123182912192
-0.40031231838329134 -0.8006246367834715 0.8006246367845156 1.601249273568029 0.4003123182908039 0.8006246365814866
-0.400312318383087 -0.800624636783422 0.8006246367839792 0.4003123182908039 1.6012492735663273 0.800624636579018
0.4003123185095529 -0.4003123182903728 0.4003123182912192 0.8006246365814866 0.800624636579018 1.6012492731588108

Energy at Q: 0.39254060049970046

# Matrix 44
1.6653664978264069 0.8326832475455754 -0.8326831887033515 -0.8326831899174321 -0.8326831304602085 0.8326831310686926
0.8326832475455754 1.6653664964585366 -0.832683131674008 -0.8326831322825872 2.3281377619418327e-7 -2.3251089531900468e-7
-0.8326831887033515 -0.832683131674008 1.6653663751157604 0.8326830700980686 0.8326829223262373 -0.8326829793706806
-0.8326831899174321 -0.8326831322825872 0.8326830700980686 1.6653664056165225 -3.2519781601042406e-7 -0.8326830095651344
-0.8326831304602085 2.3281377619418327e-7 0.8326829223262373 -3.2519781601042406e-7 1.665365991127806 -0.8326828277923359
0.8326831310686926 -2.3251089531900468e-7 -0.8326829793706806 -0.8326830095651344 -0.8326828277923359 1.6653662199053878

Energy at Q: 0.3925405936812106

# Matrix 45
1.6012492738414663 -0.4003123184678625 0.8006246369123495 -0.8006246369124015 0.8006246369124044 0.8006246369009964
-0.4003123184678625 1.6012492738587574 0.4003123184674042 0.8006246369177844 -0.8006246369178698 0.40031231849086857
0.8006246369123495 0.4003123184674042 1.6012492738821804 -0.40031231842739706 0.4003123184274941 0.4003123183408545
-0.8006246369124015 0.8006246369177844 -0.40031231842739706 1.6012492737427357 -0.40031231828849295 -0.40031231806245154
0.8006246369124044 -0.8006246369178698 0.4003123184274941 -0.40031231828849295 1.6012492737429191 0.40031231806201667
0.8006246369009964 0.40031231849086857 0.4003123183408545 -0.40031231806245154 0.40031231806201667 1.6012492728202659

Energy at Q: 0.39254060049568384

# Matrix 46
1.601249288231521 -0.800624644106821 -0.8006246441069571 0.40031232207998174 0.400312321934185 -0.40031232226559316
-0.800624644106821 1.6012492881901212 0.4003123220620617 0.4003123219225658 -0.8006246437241986 -0.4003123214650561
-0.8006246441069571 0.4003123220620617 1.6012492883296612 -0.8006246441246225 0.40031232210880885 0.8006246442288739
0.40031232207998174 0.4003123219225658 -0.8006246441246225 1.6012492880284062 -0.8006246436316093 -0.4003123214425264
0.400312321934185 -0.8006246437241986 0.40031232210880885 -0.8006246436316093 1.6012492766442508 0.8006246215553607
-0.40031232226559316 -0.4003123214650561 0.8006246442288739 -0.4003123214425264 0.8006246215553607 1.6012492440382535

Energy at Q: 0.39254060019452075

# Matrix 47
1.6012495939960447 -0.8006247530600582 -0.400312371308226 0.4003124589114475 -0.8006247199839859 -0.40031255716020886
-0.8006247530600582 1.6012495165547893 0.8006247525755651 0.4003122935931766 0.4003121947206723 -0.4003120959014763
-0.400312371308226 0.8006247525755651 1.6012495933494584 0.8006247523195318 0.8006246862866374 -0.8006246305984088
0.4003124589114475 0.4003122935931766 0.8006247523195318 1.6012495050539952 0.4003121724419172 -0.40031207299545957
-0.8006247199839859 0.4003121947206723 0.8006246862866374 0.4003121724419172 1.601249142757241 -0.4003117874700426
-0.40031255716020886 -0.4003120959014763 -0.8006246305984088 -0.40031207299545957 -0.4003117874700426 1.6012487339688433

Energy at Q: 0.39254059194631735

# Matrix 48
1.6653663553167541 0.8326831776572173 -0.8326831776572496 0.8326831776579494 0.8326831776572307 0.8326831776580869
0.8326831776572173 1.6653663553133418 -0.8326831776545609 -6.355257257081838e-13 -5.093896188907999e-12 -3.232776314098275e-12
-0.8326831776572496 -0.8326831776545609 1.6653663553146163 7.101327129629946e-13 -0.832683177653671 -0.8326831776560827
0.8326831776579494 -6.355257257081838e-13 7.101327129629946e-13 1.6653663553158617 7.22464262259378e-14 8.758005883946757e-13
0.8326831776572307 -5.093896188907999e-12 -0.832683177653671 7.22464262259378e-14 1.6653663553101898 0.8326831776538857
0.8326831776580869 -3.232776314098275e-12 -0.8326831776560827 8.758005883946757e-13 0.8326831776538857 1.6653663553143565

Energy at Q: 0.3925406005018008

# Matrix 49
1.6653663556915985 -0.832683177772096 -0.832683177612357 -0.8326831777664526 -0.8326831776029279 -0.832683177456968
-0.832683177772096 1.665366355693489 0.8326831776211593 0.8326831777727366 -3.087633389103941e-10 -4.557512717110038e-10
-0.832683177612357 0.8326831776211593 1.665366355216577 0.8326831776040714 0.8326831772790413 0.8326831769716662
-0.8326831777664526 0.8326831777727366 0.8326831776040714 1.6653663556788423 0.8326831775881397 0.8326831774355115
-0.8326831776029279 -3.087633389103941e-10 0.8326831772790413 0.8326831775881397 1.6653663551786304 0.8326831769494889
-0.832683177456968 -4.557512717110038e-10 0.8326831769716662 0.8326831774355115 0.8326831769494889 1.665366354408167

Energy at Q: 0.3925406004927097

# Matrix 50
1.6012492736929609 0.40031231841468895 0.8006246368403807 0.8006246368284925 0.8006246368285301 -0.8006246368229287
0.40031231841468895 1.6012492736989545 -0.40031231844362564 0.8006246368229856 -0.4003123184612805 -0.8006246368172862
0.8006246368403807 -0.40031231844362564 1.6012492736753507 0.4003123183387418 0.4003123183445464 -0.4003123183444286
0.8006246368284925 0.8006246368229856 0.4003123183387418 1.6012492734838788 0.4003123182111802 -0.4003123182163216
0.8006246368285301 -0.4003123184612805 0.4003123183445464 0.4003123182111802 1.6012492735013844 -0.40031231822238905
-0.8006246368229287 -0.8006246368172862 -0.4003123183444286 -0.4003123182163216 -0.40031231822238905 1.6012492735063515

Energy at Q: 0.39254060049954576

