# Matrix 1
1.0316377982469596 0.09071440085656342 0.0930167018763519 0.02063915219057806 0.008842620734447474 -0.0745261557614404
0.09071440085656342 1.0946944318146685 0.050756553094843795 -0.13260308590707814 -0.05690870452607123 0.006767420967634335
0.0930167018763519 0.050756553094843795 1.02680192514298 -0.006915364048186554 -0.060354662650384465 -0.02521897264742476
0.02063915219057806 -0.13260308590707814 -0.006915364048186554 0.9515132707483236 -0.0626101845909718 -0.01691898828507025
0.008842620734447474 -0.05690870452607123 -0.060354662650384465 -0.0626101845909718 0.9234027159585099 0.016569691099021306
-0.0745261557614404 0.006767420967634335 -0.02521897264742476 -0.01691898828507025 0.016569691099021306 1.0362488062428519

# Matrix 2
1.0242568778124923 0.03852159339433179 0.16325881075006662 0.011356274419317173 -0.11352031350783268 -0.20851548135288395
0.03852159339433179 1.2151023192647508 0.16137414521562135 -0.08814814398035538 -0.1303978707955906 0.08178271589964063
0.16325881075006662 0.16137414521562135 1.0629109681068865 -0.039205000146938965 -0.04394079422572207 0.015029104174733698
0.011356274419317173 -0.08814814398035538 -0.039205000146938965 0.8637923002032266 -0.12948084475112384 -0.05080783095410494
-0.11352031350783268 -0.1303978707955906 -0.04394079422572207 -0.12948084475112384 0.9098342476910417 -0.032850724532442165
-0.20851548135288395 0.08178271589964063 0.015029104174733698 -0.05080783095410494 -0.032850724532442165 1.127254576295313

# Matrix 3
1.1250995086549305 0.0055874621138670396 0.27203192265788184 0.02310331370843088 -0.09720657942728084 -0.1987352312594875
0.0055874621138670396 1.5560198942752796 0.1993639196708229 -0.12960520844655277 -0.028753864390986365 0.12834456959482868
0.27203192265788184 0.1993639196708229 1.000034766356102 -0.050168611711893504 0.014145870733140288 0.029939509611545734
0.02310331370843088 -0.12960520844655277 -0.050168611711893504 0.8112119142972132 -0.07181392466744548 -0.07168465545030465
-0.09720657942728084 -0.028753864390986365 0.014145870733140288 -0.07181392466744548 0.7819657750461736 -0.03402544242392331
-0.1987352312594875 0.12834456959482868 0.029939509611545734 -0.07168465545030465 -0.03402544242392331 1.0868981396998052

# Matrix 4
1.0322286526265174 0.03047831443395403 0.3117763396222436 0.04822919729283544 -0.011487492542878067 -0.21737092288825596
0.03047831443395403 1.634317193447664 0.09884745936352367 0.03786058127173417 -0.006052843425235582 0.03156629097400493
0.3117763396222436 0.09884745936352367 1.2203191087435834 0.02917144719994899 0.056549969288883235 -0.05511205399403505
0.04822919729283544 0.03786058127173417 0.02917144719994899 0.788454894423722 -0.07595927891409268 -0.01441151987460038
-0.011487492542878067 -0.006052843425235582 0.056549969288883235 -0.07595927891409268 0.6930099143334829 -0.07124335387172442
-0.21737092288825596 0.03156629097400493 -0.05511205399403505 -0.01441151987460038 -0.07124335387172442 1.042242514243838

# Matrix 5
0.8855291095930495 0.09626648776617418 0.3116301632621184 0.06210650730630188 0.029866275361192348 -0.23600677283698637
0.09626648776617418 1.6849438237646885 0.2625504895667939 0.20592522552817397 -0.09465439184195439 0.01079849933011238
0.3116301632621184 0.2625504895667939 1.169066649206826 0.09439318153589535 -0.01640209177792656 -0.13522596646007828
0.06210650730630188 0.20592522552817397 0.09439318153589535 0.7910341730921276 -0.13162088202042882 -0.07088975558548939
0.029866275361192348 -0.09465439184195439 -0.01640209177792656 -0.13162088202042882 0.8328677063200317 -0.08180244610937736
-0.23600677283698637 0.01079849933011238 -0.13522596646007828 -0.07088975558548939 -0.08180244610937736 1.147878543975095

# Matrix 6
0.797130671666121 0.05783004939241989 0.2428238992714519 0.13401307114039246 -0.09168188121524266 -0.20867219683131744
0.05783004939241989 1.7602674611249753 0.2996217145930297 0.18762811707352073 -0.012275769100784236 0.04494986892960536
0.2428238992714519 0.2996217145930297 1.2306242397430285 0.08583488505271848 -0.00960947101773569 -0.26586211222509454
0.13401307114039246 0.18762811707352073 0.08583488505271848 0.809574442733158 -0.09397956737005082 -0.17575950883038702
-0.09168188121524266 -0.012275769100784236 -0.00960947101773569 -0.09397956737005082 0.8345516737551034 -0.06698830008511773
-0.20867219683131744 0.04494986892960536 -0.26586211222509454 -0.17575950883038702 -0.06698830008511773 1.1616839435252806

# Matrix 7
0.7937148364764631 -0.022758346046370906 0.2141043054497987 0.1738236802151567 -0.12927721664995895 -0.13367874831369114
-0.022758346046370906 1.5900863715452014 0.16983124512483794 0.24820631003285992 -0.04753783932272944 0.09900682814356873
0.2141043054497987 0.16983124512483794 1.2555499507148637 0.17304400552264618 -0.0987490514931064 -0.33830831552340385
0.1738236802151567 0.24820631003285992 0.17304400552264618 0.7756295083696707 -0.027137159778139016 -0.22055303476138388
-0.12927721664995895 -0.04753783932272944 -0.0987490514931064 -0.027137159778139016 1.0522112736194063 -0.2536136692945461
-0.13367874831369114 0.09900682814356873 -0.33830831552340385 -0.22055303476138388 -0.2536136692945461 1.1883169808686262

# Matrix 8
0.7193965012177168 -0.1332911472303829 0.1763075176550342 0.14189825249941093 -0.0300492803868542 -0.17681549947590494
-0.1332911472303829 1.5280003769619561 0.18843832069522345 0.2420399136539587 -0.1754824212760948 0.07751954608410676
0.1763075176550342 0.18843832069522345 1.3674895488000827 0.2381755374284193 -0.1630854972443884 -0.45830859057627493
0.14189825249941093 0.2420399136539587 0.2381755374284193 0.7601970453496162 0.017924679645246067 -0.39328084785121026
-0.0300492803868542 -0.1754824212760948 -0.1630854972443884 0.017924679645246067 0.968672591840449 -0.28878020579612057
-0.17681549947590494 0.07751954608410676 -0.45830859057627493 -0.39328084785121026 -0.28878020579612057 1.5929817775329345

# Matrix 9
0.8658379103441385 -0.205647134331181 0.09436338619055516 0.2142420817308299 -0.11853027252974294 -0.14183370804248654
-0.205647134331181 1.405795536322538 0.22024426585830253 0.1171966899936379 -0.040320569858996055 -0.07183828482244241
0.09436338619055516 0.22024426585830253 1.2070232744567664 0.08664190591006256 -0.2067188799259577 -0.3582563007028203
0.2142420817308299 0.1171966899936379 0.08664190591006256 0.7832982575088459 -0.014620894987448419 -0.4304409753389669
-0.11853027252974294 -0.040320569858996055 -0.2067188799259577 -0.014620894987448419 0.918482612904757 -0.18793920693266755
-0.14183370804248654 -0.07183828482244241 -0.3582563007028203 -0.4304409753389669 -0.18793920693266755 1.5883886947823087

# Matrix 10
0.8881220535151145 0.204105389544307 -0.14984710889999403 -0.2460381214731586 0.13535174357731597 0.060223222726849594
0.204105389544307 0.8111739676525077 0.023941660498429742 0.20108226648340924 0.16796529524527676 0.35345181290231126
-0.14984710889999403 0.023941660498429742 0.8458909407547405 -0.03551358218417358 -0.18903634417391305 -0.193844742057061
-0.2460381214731586 0.20108226648340924 -0.03551358218417358 1.5738816105751308 0.3004289000232664 0.04655624489875306
0.13535174357731597 0.16796529524527676 -0.18903634417391305 0.3004289000232664 1.3582785107793833 -0.3081946390190876
0.060223222726849594 0.35345181290231126 -0.193844742057061 0.04655624489875306 -0.3081946390190876 1.398615063560221

# Matrix 11
1.0055759153164032 0.19115168931076776 -0.21586999527207168 -0.3531631184980688 0.24181331489972352 0.019443904408124078
0.19115168931076776 0.9559272230143072 -0.018149275113810204 0.22815906141889153 0.28147126205607675 0.4177930804364903
-0.21586999527207168 -0.018149275113810204 0.6801788447956924 -0.027130107305714697 -0.22497363451630173 -0.23715820054555312
-0.3531631184980688 0.22815906141889153 -0.027130107305714697 1.6584646231596005 0.187296070740855 0.09009740439676331
0.24181331489972352 0.28147126205607675 -0.22497363451630173 0.187296070740855 1.3613922522920898 -0.2882660776979453
0.019443904408124078 0.4177930804364903 -0.23715820054555312 0.09009740439676331 -0.2882660776979453 1.488754292462386

# Matrix 12
0.9899995261293936 0.2008037124187577 -0.18578123823117174 -0.14417912842548744 0.3257256935946928 -5.987780331790945e-5
0.2008037124187577 0.9669361293253975 -0.030122337168710774 0.18462571591324714 0.24855829971013174 0.39290852816016497
-0.18578123823117174 -0.030122337168710774 0.6020099475610702 -0.04882344205783402 -0.26261782799590194 -0.16865803083660744
-0.14417912842548744 0.18462571591324714 -0.04882344205783402 1.56475987330129 0.17265293513551563 0.10608001448756008
0.3257256935946928 0.24855829971013174 -0.26261782799590194 0.17265293513551563 1.6427433709020276 -0.41844398043501563
-5.987780331790945e-5 0.39290852816016497 -0.16865803083660744 0.10608001448756008 -0.41844398043501563 1.3563085905893282

# Matrix 13
1.0934554037931674 0.24205164941597707 -0.29562711044270307 -0.1759282252823042 0.39396448226870273 -0.05327312796700949
0.24205164941597707 0.8861311097670543 -0.11025954879421995 0.16079919527552944 0.20820256051295336 0.3291532961449355
-0.29562711044270307 -0.11025954879421995 0.7412815554639908 -0.0009666210747747983 -0.4893914727222707 -0.07501038512458708
-0.1759282252823042 0.16079919527552944 -0.0009666210747747983 1.4785473238705689 0.07473665287763628 0.08607712204589449
0.39396448226870273 0.20820256051295336 -0.4893914727222707 0.07473665287763628 1.8176536236855965 -0.4662689778175888
-0.05327312796700949 0.3291532961449355 -0.07501038512458708 0.08607712204589449 -0.4662689778175888 1.1784103795957281

# Matrix 14
0.9650665547702771 0.23555816041993605 -0.3234770173946588 -0.16563333907558134 0.3372196406888047 0.050482636055114466
0.23555816041993605 0.874424359755386 -0.0647358110303447 0.1782324012644764 0.1316074161596422 0.4052690154325923
-0.3234770173946588 -0.0647358110303447 0.8511572380533162 0.012796266536162539 -0.6799556749835834 -0.050633041168869755
-0.16563333907558134 0.1782324012644764 0.012796266536162539 1.4746095223717768 -0.08857273633227356 0.1505799892624484
0.3372196406888047 0.1316074161596422 -0.6799556749835834 -0.08857273633227356 2.1542989335139686 -0.5015622211836582
0.050482636055114466 0.4052690154325923 -0.050633041168869755 0.1505799892624484 -0.5015622211836582 1.1737998136009622

# Matrix 15
0.9308955435078178 0.20385615096156956 -0.30550801167491964 -0.12399418739856505 0.3649855898684136 0.05545751133420926
0.20385615096156956 0.8285676877673521 -0.037966689698823296 0.04620379448461484 0.14493977902214886 0.43210257055532186
-0.30550801167491964 -0.037966689698823296 0.8095626923779354 0.061196212011435484 -0.709680726428947 -0.0443889857660575
-0.12399418739856505 0.04620379448461484 0.061196212011435484 1.4720228313748498 -0.06867976634414989 -0.07093817152622096
0.3649855898684136 0.14493977902214886 -0.709680726428947 -0.06867976634414989 2.4303597823150795 -0.6457162909144466
0.05545751133420926 0.43210257055532186 -0.0443889857660575 -0.07093817152622096 -0.6457162909144466 1.290607723642513

# Matrix 16
0.9428212327086111 0.17940461233655206 -0.2663797766306872 -0.23893680892611616 0.27045994834836734 0.10229732552207838
0.17940461233655206 0.807002677892815 -0.05726622148254454 0.09922946270161981 0.14086339501051728 0.4241349718623514
-0.2663797766306872 -0.05726622148254454 0.9009426977990341 0.21165273048362504 -0.84260768910808 -0.12012657373926555
-0.23893680892611616 0.09922946270161981 0.21165273048362504 1.5062230443886353 -0.1600776958186743 -0.048270947523045296
0.27045994834836734 0.14086339501051728 -0.84260768910808 -0.1600776958186743 2.4858997471353455 -0.5952713357001279
0.10229732552207838 0.4241349718623514 -0.12012657373926555 -0.048270947523045296 -0.5952713357001279 1.2785620669355893

# Matrix 17
1.011242004917487 0.2558631508705567 -0.3224545567380228 -0.2535779861807649 0.41477603101993477 0.11434458725117908
0.2558631508705567 0.8140364597105791 -0.09240186096099379 0.05504492024400216 0.1280046141537355 0.46199985466393484
-0.3224545567380228 -0.09240186096099379 0.8346745617457187 0.05114110985780647 -0.8751962666699551 -0.08348854413132664
-0.2535779861807649 0.05504492024400216 0.05114110985780647 1.3928635330987276 -0.28423683245392994 0.07003610372517442
0.41477603101993477 0.1280046141537355 -0.8751962666699551 -0.28423683245392994 3.058326508298234 -0.8631357272171641
0.11434458725117908 0.46199985466393484 -0.08348854413132664 0.07003610372517442 -0.8631357272171641 1.3614619946495927

# Matrix 18
0.991918079197437 0.2802149483687953 -0.2240703247847412 -0.2913656133074362 0.2672700247919472 0.1435139862023869
0.2802149483687953 0.8221125046690562 -0.15225343579253242 -0.0597183004919413 0.12501682162013453 0.4819960237070598
-0.2240703247847412 -0.15225343579253242 0.8958403605889957 0.07534511101886134 -0.9668612237259101 -0.12718581767513396
-0.2913656133074362 -0.0597183004919413 0.07534511101886134 1.5497040300792502 -0.23380620897241286 -0.145069671473194
0.2672700247919472 0.12501682162013453 -0.9668612237259101 -0.23380620897241286 2.6862941959987183 -0.6492638881078354
0.1435139862023869 0.4819960237070598 -0.12718581767513396 -0.145069671473194 -0.6492638881078354 1.3466422157592073

# Matrix 19
1.0876859175899862 0.2421107115180649 -0.13827105722668104 -0.21503587389758 0.17785529366743605 0.15200276060432846
0.2421107115180649 0.8397959871661023 -0.18455842991375712 -0.033723083263405354 0.1754903823002013 0.5160982581111749
-0.13827105722668104 -0.18455842991375712 0.7469623827944781 -0.1056578479522513 -0.7903579563129242 -0.1458337428771144
-0.21503587389758 -0.033723083263405354 -0.1056578479522513 1.5616632864876066 -0.2565866300984702 0.020743180650930917
0.17785529366743605 0.1754903823002013 -0.7903579563129242 -0.2565866300984702 2.5203468463823056 -0.5110557300740369
0.15200276060432846 0.5160982581111749 -0.1458337428771144 0.020743180650930917 -0.5110557300740369 1.2820179169292365

# Matrix 20
0.7943803069973008 -0.11298352954055803 0.1266637535295565 -0.39064003337861913 -0.3394533006015142 -0.25308325270785414
-0.11298352954055803 0.7006271360559 -0.15298553049914523 -0.03972952551588551 0.086245756582589 -0.09954515111925255
0.1266637535295565 -0.15298553049914523 1.09770105162402 -0.09290228173404858 0.028102039450134036 -0.1974755042700812
-0.39064003337861913 -0.03972952551588551 -0.09290228173404858 1.1948304502847957 0.508290059306485 0.18096509845295342
-0.3394533006015142 0.086245756582589 0.028102039450134036 0.508290059306485 1.353407220379727 -0.22153087516063538
-0.25308325270785414 -0.09954515111925255 -0.1974755042700812 0.18096509845295342 -0.22153087516063538 1.8846178015195298

# Matrix 21
0.7591010521912392 -0.1637743671226066 0.006592473884453744 -0.361869137468279 -0.3513286608487056 -0.2821539990834846
-0.1637743671226066 0.8074696722455594 -0.12398870231584473 -0.0826516987394553 0.08724689023168225 -0.07349473736356972
0.006592473884453744 -0.12398870231584473 1.021753559541323 0.016461953655178493 0.12263256294339933 -0.13940925029059587
-0.361869137468279 -0.0826516987394553 0.016461953655178493 1.3034424092758594 0.4693182445997971 0.21865750714802595
-0.3513286608487056 0.08724689023168225 0.12263256294339933 0.4693182445997971 1.3074544189108235 -0.24169675258480466
-0.2821539990834846 -0.07349473736356972 -0.13940925029059587 0.21865750714802595 -0.24169675258480466 1.7702174918627742

# Matrix 22
0.6697955943856804 -0.12977234192929404 0.02524595717124002 -0.27680639576331917 -0.19511713414596765 -0.22279636252365465
-0.12977234192929404 0.8273294773116764 -0.12272979312405156 -0.15859884929116716 -0.03877628466879852 -0.13189063051933764
0.02524595717124002 -0.12272979312405156 1.039577549078923 0.020012788413740927 -0.07157448978528069 -0.09478716334004236
-0.27680639576331917 -0.15859884929116716 0.020012788413740927 1.1342930356307863 0.30913620761896937 0.2830120902499035
-0.19511713414596765 -0.03877628466879852 -0.07157448978528069 0.30913620761896937 1.2641791877976973 -0.32628018908995754
-0.22279636252365465 -0.13189063051933764 -0.09478716334004236 0.2830120902499035 -0.32628018908995754 1.965399976846168

# Matrix 23
0.7295960071082003 -0.20434008775284435 0.02576430278284302 -0.2891212743026658 -0.1889112618652749 -0.11187096654777393
-0.20434008775284435 0.8728989098699842 -0.11459830571442245 -0.07337691821542287 0.057629102227953546 -0.1044230286964481
0.02576430278284302 -0.11459830571442245 1.0589416817388866 -0.07236300281964034 -0.021674613935515754 -0.25864080201912065
-0.2891212743026658 -0.07337691821542287 -0.07236300281964034 1.0172250745885438 0.2720714335856591 0.23803638514210815
-0.1889112618652749 0.057629102227953546 -0.021674613935515754 0.2720714335856591 1.251860655347876 -0.42568299718978475
-0.11187096654777393 -0.1044230286964481 -0.25864080201912065 0.23803638514210815 -0.42568299718978475 1.9472617706738333

# Matrix 24
0.8210470251959183 -0.14777064219952035 0.0516542400927453 -0.39267314082351407 -0.3081074418926404 -0.19693584653100907
-0.14777064219952035 0.6776112954358764 -0.04918087997745699 -0.06373819466279382 0.04086787178493393 -0.0038611215989274687
0.0516542400927453 -0.04918087997745699 1.1849470450940054 -0.2723787605456728 -0.06744678388590236 -0.22595871471743922
-0.39267314082351407 -0.06373819466279382 -0.2723787605456728 1.1338855273152089 0.21691962683885047 0.35370964029273744
-0.3081074418926404 0.04086787178493393 -0.06744678388590236 0.21691962683885047 1.4088430772491451 -0.36173285110868836
-0.19693584653100907 -0.0038611215989274687 -0.22595871471743922 0.35370964029273744 -0.36173285110868836 1.729585797306315

# Matrix 25
0.8109801654672691 -0.16705925954887904 0.12581849840254092 -0.4384570526171012 -0.4701597449959911 -0.09399698784848884
-0.16705925954887904 0.6282171493822619 -0.047089521023756395 -0.06263514243397635 0.03684465902550103 0.04231228376780113
0.12581849840254092 -0.047089521023756395 1.2294912198806929 -0.4222486717371339 -0.22466625171847165 -0.21528183975788281
-0.4384570526171012 -0.06263514243397635 -0.4222486717371339 1.2073554283630934 0.40892892573699974 0.37073750315494663
-0.4701597449959911 0.03684465902550103 -0.22466625171847165 0.40892892573699974 1.5532199239835034 -0.40458040776234616
-0.09399698784848884 0.04231228376780113 -0.21528183975788281 0.37073750315494663 -0.40458040776234616 2.016896493693802

# Matrix 26
0.8502076884404012 -0.18984347134768878 -0.015407782349097917 -0.49789998972755417 -0.45041077796713813 -0.23581719928379816
-0.18984347134768878 0.6675157378206055 -0.0258134264491959 -0.023338653808795587 0.018208697323714565 0.09070368971050544
-0.015407782349097917 -0.0258134264491959 1.2339082468403537 -0.28733597386323695 -0.12001893261855322 -0.17885034774843966
-0.49789998972755417 -0.023338653808795587 -0.28733597386323695 1.1471870874245809 0.3302153891503486 0.48575369137856456
-0.45041077796713813 0.018208697323714565 -0.12001893261855322 0.3302153891503486 1.520611657612154 -0.4634563049534191
-0.23581719928379816 0.09070368971050544 -0.17885034774843966 0.48575369137856456 -0.4634563049534191 2.133933590270375

# Matrix 27
0.7753304956454014 -0.1584235245194785 0.0404627787587139 -0.32669370759485844 -0.2825384452090531 -0.2251124928574361
-0.1584235245194785 0.6499413823893008 -0.04424575233136263 -0.09518185689595589 -0.1334894198024565 0.042684768770178065
0.0404627787587139 -0.04424575233136263 1.242326828971176 -0.4237145669309327 -0.04692987617739645 -0.38401576327832676
-0.32669370759485844 -0.09518185689595589 -0.4237145669309327 1.0728948055598984 0.2636280182329732 0.5784208831950377
-0.2825384452090531 -0.1334894198024565 -0.04692987617739645 0.2636280182329732 1.4805513033169042 -0.5041185313496201
-0.2251124928574361 0.042684768770178065 -0.38401576327832676 0.5784208831950377 -0.5041185313496201 2.370677966724206

# Matrix 28
0.728996399613692 -0.2555623727555011 0.031715977354896896 -0.2100220540556133 -0.13141362597193074 -0.23006160969824252
-0.2555623727555011 0.7125254064886991 -0.12499415720395038 -0.12755582405328905 -0.184939567309732 0.01997368042813174
0.031715977354896896 -0.12499415720395038 1.2431199088347176 -0.330558059989412 0.11834750085911935 -0.4183838738486666
-0.2100220540556133 -0.12755582405328905 -0.330558059989412 1.0948917026132956 0.1318527128117601 0.5599808778470186
-0.13141362597193074 -0.184939567309732 0.11834750085911935 0.1318527128117601 1.3799838732898229 -0.5242362347438376
-0.23006160969824252 0.01997368042813174 -0.4183838738486666 0.5599808778470186 -0.5242362347438376 2.281730164408793

# Matrix 29
0.6864989998680583 -0.19275528298597083 0.0798114354415024 -0.24303441271485174 -0.22811921479028482 -0.13238283809741486
-0.19275528298597083 0.6232670471677906 -0.17330035542922384 -0.07414575871495345 -0.06710731170494083 -0.04484152715738439
0.0798114354415024 -0.17330035542922384 1.2891167175298701 -0.3517983237056538 0.20071954785377832 -0.4011282153230502
-0.24303441271485174 -0.07414575871495345 -0.3517983237056538 1.2411742495212124 0.06419895245462823 0.6211538799494432
-0.22811921479028482 -0.06710731170494083 0.20071954785377832 0.06419895245462823 1.29354057487634 -0.5347607551946374
-0.13238283809741486 -0.04484152715738439 -0.4011282153230502 0.6211538799494432 -0.5347607551946374 2.365480238221675

# Matrix 30
0.7288664425253392 -0.25007297589455774 0.1305808646931654 -0.2102627294106382 -0.17832115501580337 -0.11721138594308879
-0.25007297589455774 0.6834206596065202 -0.2888253314373928 0.02247162176743965 -0.13387082809980116 0.0042689391549258346
0.1305808646931654 -0.2888253314373928 1.4876657368697386 -0.40034382170125965 0.3155617268947545 0.07421968107844193
-0.2102627294106382 0.02247162176743965 -0.40034382170125965 1.1379325448165247 0.09611022097079819 -0.42345122305805866
-0.17832115501580337 -0.13387082809980116 0.3155617268947545 0.09611022097079819 1.2364531578908973 0.5279273244836533
-0.11721138594308879 0.0042689391549258346 0.07421968107844193 -0.42345122305805866 0.5279273244836533 2.111681835892982

# Matrix 31
0.7587347129315799 -0.2168786050455928 0.05488390741627265 -0.26523747269963066 -0.2891755833471823 -0.23410782443915754
-0.2168786050455928 0.7050341687197773 -0.24280279039138752 0.010750377235740865 -0.1218344411498075 -0.05050605843361619
0.05488390741627265 -0.24280279039138752 1.510236907680704 -0.3820396358923541 0.23097845965251393 0.19392252041705377
-0.26523747269963066 0.010750377235740865 -0.3820396358923541 1.2112250851499682 0.21443985875351057 -0.38123472139401804
-0.2891755833471823 -0.1218344411498075 0.23097845965251393 0.21443985875351057 1.216141961549558 0.5229796559480059
-0.23410782443915754 -0.05050605843361619 0.19392252041705377 -0.38123472139401804 0.5229796559480059 1.915030848308111

# Matrix 32
0.8016217016510084 -0.280194885572372 -0.0010805118422192324 -0.21638658211104211 -0.24789517574290207 -0.287365533025799
-0.280194885572372 0.7693076872988428 -0.2724797339342617 0.09162064331080379 -0.042018441801307406 -0.02257139785911798
-0.0010805118422192324 -0.2724797339342617 1.5651360926398172 -0.37025069907936214 0.21398194490267622 0.14678121893116988
-0.21638658211104211 0.09162064331080379 -0.37025069907936214 1.1350951414503534 0.13557818681610048 -0.30268480817212934
-0.24789517574290207 -0.042018441801307406 0.21398194490267622 0.13557818681610048 1.042722775584333 0.4265940547640881
-0.287365533025799 -0.02257139785911798 0.14678121893116988 -0.30268480817212934 0.4265940547640881 1.8122924345859197

# Matrix 33
0.7840976741072865 -0.2496086989579959 -0.07850205399346767 -0.2521071242926415 -0.2145767838943591 -0.27522279734924254
-0.2496086989579959 0.8230423465057376 -0.2987634917272854 0.06411913745767374 -0.07024108515997253 -0.11585128376780172
-0.07850205399346767 -0.2987634917272854 1.512107476830285 -0.3388203948445429 0.2848652595900538 0.1609859424509005
-0.2521071242926415 0.06411913745767374 -0.3388203948445429 1.229677983848606 0.21630045220251584 -0.114506471052097
-0.2145767838943591 -0.07024108515997253 0.2848652595900538 0.21630045220251584 0.9904773971071948 0.46508846955806765
-0.27522279734924254 -0.11585128376780172 0.1609859424509005 -0.114506471052097 0.46508846955806765 1.7988261022681644

# Matrix 34
0.7521960053990467 -0.15684548252037467 -0.05370747537484173 -0.22349996155093893 -0.19404589002855113 -0.2848223939735667
-0.15684548252037467 0.8140234329384323 -0.3133108948601123 0.06927884998916012 -0.002416473447181239 -0.22158119169135898
-0.05370747537484173 -0.3133108948601123 1.3245751019743248 -0.19609187531750627 0.24673995017614048 0.1423707237081271
-0.22349996155093893 0.06927884998916012 -0.19609187531750627 1.1795706307614333 0.3274898259663316 -0.18898541000191202
-0.19404589002855113 -0.002416473447181239 0.24673995017614048 0.3274898259663316 1.1147925104397334 0.43643836959130416
-0.2848223939735667 -0.22158119169135898 0.1423707237081271 -0.18898541000191202 0.43643836959130416 1.8872146864686803

# Matrix 35
0.8038276560569275 -0.1287021869476822 -0.04499745741785831 -0.3388318781289059 -0.25988427653838725 -0.22000679148611024
-0.1287021869476822 0.7950502912149248 -0.37403489160603776 0.08149778144429652 0.05410232319145184 -0.27134299672414997
-0.04499745741785831 -0.37403489160603776 1.3189084174872912 -0.15796375832533616 0.25326092401650463 0.2963502583818518
-0.3388318781289059 0.08149778144429652 -0.15796375832533616 1.2621033258882972 0.36685265091156066 -0.14119238447467755
-0.25988427653838725 0.05410232319145184 0.25326092401650463 0.36685265091156066 1.100129205529702 0.44725451570952335
-0.22000679148611024 -0.27134299672414997 0.2963502583818518 -0.14119238447467755 0.44725451570952335 1.8917222845772046

# Matrix 36
0.8437929476203911 -0.08362422622277337 0.016892325393464722 -0.3214840134578785 -0.18330790025147373 -0.1799879024010402
-0.08362422622277337 0.7769921440060387 -0.26528390386191364 0.05264908383692349 -0.016560217722813093 -0.294877163931805
0.016892325393464722 -0.26528390386191364 1.2265976881897933 -0.15039506606628986 0.15750370865430532 0.18576287107549405
-0.3214840134578785 0.05264908383692349 -0.15039506606628986 1.4018258944760997 0.5098377104051277 -0.24221454285116323
-0.18330790025147373 -0.016560217722813093 0.15750370865430532 0.5098377104051277 1.0724131560039383 0.2547490367399184
-0.1799879024010402 -0.294877163931805 0.18576287107549405 -0.24221454285116323 0.2547490367399184 1.6169417215262722

# Matrix 37
0.79200914787793 -0.07594519801415278 0.05908312912780504 -0.34176306082982183 -0.22257742210023193 -0.08069898450814206
-0.07594519801415278 0.7114417806118979 -0.339736868008306 0.009781897031050157 0.014726452190239221 -0.2007245965563659
0.05908312912780504 -0.339736868008306 1.5610528692864019 -0.24226639784816667 0.21211892475542407 0.2823369970199712
-0.34176306082982183 0.009781897031050157 -0.24226639784816667 1.4095743859953078 0.6415793587601368 -0.25416938707047937
-0.22257742210023193 0.014726452190239221 0.21211892475542407 0.6415793587601368 1.248402922492565 0.35944946461172683
-0.08069898450814206 -0.2007245965563659 0.2823369970199712 -0.25416938707047937 0.35944946461172683 1.5654015317275902

# Matrix 38
0.8731310906702467 -0.030044851679576375 0.12897707550706938 -0.44461295841045256 -0.23183277517623946 -0.16119056478203872
-0.030044851679576375 0.6273601568128584 -0.34708219081960984 -0.02213034543184354 0.02844866528542484 -0.028872012543242474
0.12897707550706938 -0.34708219081960984 1.4636973513021463 -0.32911867712238285 0.12616061052383393 0.1660280416145774
-0.44461295841045256 -0.02213034543184354 -0.32911867712238285 1.5183905823394466 0.5623505285842264 -0.29199261464756643
-0.23183277517623946 0.02844866528542484 0.12616061052383393 0.5623505285842264 1.186447305111406 0.42422332478346225
-0.16119056478203872 -0.028872012543242474 0.1660280416145774 -0.29199261464756643 0.42422332478346225 1.7195347275434325

# Matrix 39
0.9021954045038585 0.02428353443549801 0.11437018491357294 -0.5476381072220506 -0.2466092707707864 -0.10600232019175544
0.02428353443549801 0.6036715311164491 -0.34828677212514336 -0.08581154346278262 -0.06405026526775705 -0.08598107273450883
0.11437018491357294 -0.34828677212514336 1.34138974403584 -0.2549033693338803 0.14357783008642042 0.08950618586946292
-0.5476381072220506 -0.08581154346278262 -0.2549033693338803 1.6855608193449816 0.7165567019915878 -0.243460262507666
-0.2466092707707864 -0.06405026526775705 0.14357783008642042 0.7165567019915878 1.3067438859983265 0.44624899111359334
-0.10600232019175544 -0.08598107273450883 0.08950618586946292 -0.243460262507666 0.44624899111359334 1.7362579064452106

# Matrix 40
0.5856685481587325 -0.010804724629245643 0.23675238899983211 0.006613144291400905 -0.07475667405400105 -0.12483967840677543
-0.010804724629245643 0.8796657144456219 0.13346609958155375 0.2990465181614792 0.3170446903281412 -0.03708785950301886
0.23675238899983211 0.13346609958155375 1.501158514610615 -0.15419455582550282 0.3692133854709691 -0.005006816606090727
0.006613144291400905 0.2990465181614792 -0.15419455582550282 1.3429673878954405 -0.5357818388643815 -0.2715862306637924
-0.07475667405400105 0.3170446903281412 0.3692133854709691 -0.5357818388643815 1.3317294867349183 0.482135901569757
-0.12483967840677543 -0.03708785950301886 -0.005006816606090727 -0.2715862306637924 0.482135901569757 1.617157277980271

# Matrix 41
0.5140812358370993 0.051550019059026814 0.2294598429786834 -0.04504436856841152 -0.05242922322923743 -0.15358076703558649
0.051550019059026814 0.8754001538507402 0.16603075523581845 0.2354218377146382 0.2897793425141279 -0.1211226930727957
0.2294598429786834 0.16603075523581845 1.9115913218004144 -0.30672881883261416 0.477719353104798 -0.11459581697214709
-0.04504436856841152 0.2354218377146382 -0.30672881883261416 1.4266153811120503 -0.5779473771103263 -0.22360621390903113
-0.05242922322923743 0.2897793425141279 0.477719353104798 -0.5779473771103263 1.3152987005352483 0.32755375918804075
-0.15358076703558649 -0.1211226930727957 -0.11459581697214709 -0.22360621390903113 0.32755375918804075 1.3311663184639937

# Matrix 42
0.4917742382109276 -0.07626197214944104 0.3607828688989832 -0.021265986674248394 -0.0855035368908384 -0.1514448412884385
-0.07626197214944104 0.9664394352609086 0.10291189382421896 0.2011468070343301 0.381954181366552 -0.12257671996295033
0.3607828688989832 0.10291189382421896 2.1670304875826516 -0.2910408010322284 0.5376386424594837 0.021680601238711503
-0.021265986674248394 0.2011468070343301 -0.2910408010322284 1.2651712590644397 -0.5798565020531241 -0.2789093472856594
-0.0855035368908384 0.381954181366552 0.5376386424594837 -0.5798565020531241 1.38611424937007 0.4716349400576825
-0.1514448412884385 -0.12257671996295033 0.021680601238711503 -0.2789093472856594 0.4716349400576825 1.4937333463086628

# Matrix 43
0.5393440715783453 -0.06290012842007443 0.36296156289844206 0.0414217220322502 -0.10935538414927717 -0.2112407830359299
-0.06290012842007443 0.8821085095495019 0.11060900837215021 0.3167386701258416 0.24425744952509484 -0.19549122965147037
0.36296156289844206 0.11060900837215021 2.023688164192643 -0.11461893407857858 0.426038077697785 -0.2456729456763798
0.0414217220322502 0.3167386701258416 -0.11461893407857858 1.2094282697859318 -0.4515807189048541 -0.32500616168975016
-0.10935538414927717 0.24425744952509484 0.426038077697785 -0.4515807189048541 1.2601067837283846 0.4850426890066977
-0.2112407830359299 -0.19549122965147037 -0.2456729456763798 -0.32500616168975016 0.4850426890066977 1.7395354947964858

# Matrix 44
0.6034454743628667 -0.03876210374792793 0.41917812139844074 -0.0045982206227019136 -0.12792545980658968 -0.2622811611346673
-0.03876210374792793 0.7918971919089487 0.19855433218688198 0.28848285729201956 0.22510138280916228 -0.1385237077748071
0.41917812139844074 0.19855433218688198 2.019855819449802 -0.16414797808943307 0.30020270877407756 -0.21779349130542297
-0.0045982206227019136 0.28848285729201956 -0.16414797808943307 1.0311642086164494 -0.3696271950478756 -0.2980381936914818
-0.12792545980658968 0.22510138280916228 0.30020270877407756 -0.3696271950478756 1.3282906983614142 0.6059797891695405
-0.2622811611346673 -0.1385237077748071 -0.21779349130542297 -0.2980381936914818 0.6059797891695405 1.8664102262295719

# Matrix 45
0.5796583110567808 0.033020613982178273 0.5694267247307718 -0.046703448628810235 -0.05041209976443154 -0.06531927780433647
0.033020613982178273 0.7132548620879463 0.12603742976920795 0.2542338391085393 0.12124022300959798 -0.29775317369944765
0.5694267247307718 0.12603742976920795 2.39425504570727 -0.17479650963370127 0.11341352957426362 -0.0063478350721948296
-0.046703448628810235 0.2542338391085393 -0.17479650963370127 1.0018722160366316 -0.5069777134035173 -0.3380870494335939
-0.05041209976443154 0.12124022300959798 0.11341352957426362 -0.5069777134035173 1.3561667005283924 0.7045101280570323
-0.06531927780433647 -0.29775317369944765 -0.0063478350721948296 -0.3380870494335939 0.7045101280570323 2.0733476912959876

# Matrix 46
0.5991871555086133 0.07897219990940041 0.45900473881745874 -0.06557068821149059 0.06972979346096997 0.004193700002734066
0.07897219990940041 0.7683480619676838 0.23051786193788776 0.2213734279667916 0.07675032472080306 -0.3720712255601582
0.45900473881745874 0.23051786193788776 2.1010772416615127 -0.27607799414348805 0.10806348453873936 0.05391852090206224
-0.06557068821149059 0.2213734279667916 -0.27607799414348805 1.0466074551838727 -0.5904897964302058 -0.4727635321403246
0.06972979346096997 0.07675032472080306 0.10806348453873936 -0.5904897964302058 1.4567990318622623 0.7988009479046929
0.004193700002734066 -0.3720712255601582 0.05391852090206224 -0.4727635321403246 0.7988009479046929 1.9871292341154432

# Matrix 47
0.5099668795210432 0.009845629144250159 0.2532751895161025 -0.10941498649373632 0.03357993656819387 -0.0014408660059324477
0.009845629144250159 0.7818716287418372 0.12599108613479248 0.2727772261498826 0.05598642064781356 -0.3031471996366527
0.2532751895161025 0.12599108613479248 2.05560880522008 -0.5141015097221797 0.2681982936708293 0.2997536655487409
-0.10941498649373632 0.2727772261498826 -0.5141015097221797 1.2390428525786081 -0.6100608443462305 -0.5970215036945768
0.03357993656819387 0.05598642064781356 0.2681982936708293 -0.6100608443462305 1.266546948610368 0.8792422745778559
-0.0014408660059324477 -0.3031471996366527 0.2997536655487409 -0.5970215036945768 0.8792422745778559 2.2337798364993318

# Matrix 48
0.5192281758192283 0.02650959713501348 0.4593730728503574 -0.1908294265070295 0.0588725649306628 0.0576643630176108
0.02650959713501348 0.9602415643368553 -0.0199189765950672 0.3139321296386126 0.15548783342551134 -0.31406005443504703
0.4593730728503574 -0.0199189765950672 2.1210689804689844 -0.5510424377808745 0.12442543532855192 0.30296105442096666
-0.1908294265070295 0.3139321296386126 -0.5510424377808745 1.2037182660224817 -0.5684210250519597 -0.6011628285651422
0.0588725649306628 0.15548783342551134 0.12442543532855192 -0.5684210250519597 1.3891448770389103 0.9713967530938314
0.0576643630176108 -0.31406005443504703 0.30296105442096666 -0.6011628285651422 0.9713967530938314 2.132730287327859

# Matrix 49
0.6060012504809261 0.0021767606030375737 0.472561729483862 -0.2287102727244291 0.11289988157708056 0.15559326551796882
0.0021767606030375737 0.9640941156689979 -0.1324975250148553 0.3060180288578165 0.08413732769900492 -0.2932522652000642
0.472561729483862 -0.1324975250148553 1.9040858620888998 -0.5489813562202324 0.21797359094865276 0.5478120531613264
-0.2287102727244291 0.3060180288578165 -0.5489813562202324 1.025508726147689 -0.5931540617663361 -0.6686600141180254
0.11289988157708056 0.08413732769900492 0.21797359094865276 -0.5931540617663361 1.6615507441145911 1.145918093814404
0.15559326551796882 -0.2932522652000642 0.5478120531613264 -0.6686600141180254 1.145918093814404 2.1774149972774413

# Matrix 50
0.5997158351093355 -0.0023817161616219665 -0.22314737457882433 0.24475542928282973 -0.06247184259989468 0.041350710123278046
-0.0023817161616219665 0.9934412034608249 0.39459494702381626 0.34756076270381925 0.3981296786776782 -0.3888867274562504
-0.22314737457882433 0.39459494702381626 1.1066414143054866 0.47259961885611046 0.45488186238510886 -0.11638815803008809
0.24475542928282973 0.34756076270381925 0.47259961885611046 1.8874155356831885 0.19185551180776356 0.2941183280521238
-0.06247184259989468 0.3981296786776782 0.45488186238510886 0.19185551180776356 1.413268378898832 -0.5805341859700207
0.041350710123278046 -0.3888867274562504 -0.11638815803008809 0.2941183280521238 -0.5805341859700207 1.5615577081395318

# Matrix 51
0.5941175110993177 -0.012884113518431427 -0.1726943578114337 0.19115653537260022 -0.008335692869583381 0.029730200693687283
-0.012884113518431427 0.9357039897258339 0.31988568847734145 0.3342348825124731 0.41044069231739233 -0.3316661288299035
-0.1726943578114337 0.31988568847734145 1.0262337151610075 0.38305843446897647 0.5066107485047703 -0.11766632220680949
0.19115653537260022 0.3342348825124731 0.38305843446897647 1.7598368939290905 0.17289935713258053 0.3274049120898767
-0.008335692869583381 0.41044069231739233 0.5066107485047703 0.17289935713258053 1.6509705302913769 -0.6589054162970202
0.029730200693687283 -0.3316661288299035 -0.11766632220680949 0.3274049120898767 -0.6589054162970202 1.5138549076028964

# Matrix 52
0.5413511244781106 -0.07210266066696176 -0.1379714204356615 0.151192573398196 0.0030076327528682128 0.052387716813677605
-0.07210266066696176 0.9607588756483878 0.2750925144685178 0.3422508035624145 0.3333092475799376 -0.37464652852652347
-0.1379714204356615 0.2750925144685178 1.0730087389674345 0.3717761783973097 0.6568563042441576 -0.13074850667132412
0.151192573398196 0.3422508035624145 0.3717761783973097 1.609873455909128 0.10628756528623998 0.31400909818145933
0.0030076327528682128 0.3333092475799376 0.6568563042441576 0.10628756528623998 1.7552667986527706 -0.6119507170761175
0.052387716813677605 -0.37464652852652347 -0.13074850667132412 0.31400909818145933 -0.6119507170761175 1.6093316733626764

# Matrix 53
0.5374719972510452 -0.13099727219725424 -0.18132855947820872 0.14669204381449666 -0.05849204417444895 0.001348075344837428
-0.13099727219725424 1.1459539654465414 0.5187090467345145 0.46881030334896945 0.46128351678050805 -0.471008666078516
-0.18132855947820872 0.5187090467345145 1.1347963542800479 0.4835940908702615 0.8298668750339975 -0.2904869206716834
0.14669204381449666 0.46881030334896945 0.4835940908702615 1.6475725242413797 0.3129486797735696 0.2831835282691174
-0.05849204417444895 0.46128351678050805 0.8298668750339975 0.3129486797735696 1.9868931373930434 -0.642554720426322
0.001348075344837428 -0.471008666078516 -0.2904869206716834 0.2831835282691174 -0.642554720426322 1.6409039903793303

# Matrix 54
0.5856335360875308 -0.1468619500870988 -0.21995754896196426 0.13145748743451585 -0.10125763718020053 0.003962653227218641
-0.1468619500870988 1.3682282419031226 0.5714086566466291 0.4184854048585642 0.6134298353072918 -0.5117380518149056
-0.21995754896196426 0.5714086566466291 1.0988436062862845 0.3907536020596002 0.8618375071239756 -0.337570370586964
0.13145748743451585 0.4184854048585642 0.3907536020596002 1.480635651939206 0.18037277696799164 0.3160243551747164
-0.10125763718020053 0.6134298353072918 0.8618375071239756 0.18037277696799164 2.0284488190273575 -0.7234228779994408
0.003962653227218641 -0.5117380518149056 -0.337570370586964 0.3160243551747164 -0.7234228779994408 1.537920005491226

# Matrix 55
0.5530470027541629 -0.1089430707341669 -0.21006295090349675 0.21809323216078824 -0.11459552205545051 -0.01400366923219408
-0.1089430707341669 1.2312409555042318 0.4708244312096384 0.4758613175647787 0.46012116060667485 -0.3579253696052884
-0.21006295090349675 0.4708244312096384 1.014493326169021 0.3018227190888092 0.7083568149264701 -0.23296238034637695
