# Matrix 1
1.6012501069486529 0.8006245636420712 -0.8006247009956942 0.40031176631591275 0.4003131343105867 0.40031158814091017
0.8006245636420712 1.6012470767937184 -0.4003118100679364 0.8006218456391132 -0.4003097935915841 0.8006214067849386
-0.8006247009956942 -0.4003118100679364 1.60125011822991 -0.8006244518679378 0.40031225951645916 -0.8006242847949306
0.40031176631591275 0.8006218456391132 -0.8006244518679378 1.6012473819399358 -0.8006227315603233 0.40030891609128094
0.4003131343105867 -0.4003097935915841 0.40031225951645916 -0.8006227315603233 1.601248531454393 -0.8006224475456793
0.40031158814091017 0.8006214067849386 -0.8006242847949306 0.40030891609128094 -0.8006224475456793 1.6012464911500024

# Matrix 2
1.6653657331826712 -0.8326823151905546 -0.832682528534651 -0.832682679831943 0.8326825282078695 0.8326825905692801
-0.8326823151905546 1.6653655541851038 0.8326824597439102 -7.322439460152616e-7 8.876315759626496e-7 7.898965070845679e-7
-0.832682528534651 0.8326824597439102 1.665366019713848 0.8326827952737651 7.037265865034557e-7 -0.8326827330212403
-0.832682679831943 -7.322439460152616e-7 0.8326827952737651 1.6653662610165871 -0.8326827942032098 -0.8326828564473125
0.8326825282078695 8.876315759626496e-7 7.037265865034557e-7 -0.8326827942032098 1.6653660190783375 0.8326827043006095
0.8326825905692801 7.898965070845679e-7 -0.8326827330212403 -0.8326828564473125 0.8326827043006095 1.6653661031653268

# Matrix 3
1.6012492147280222 -0.4003129667498694 -0.8006240635171092 -0.8006242510769804 0.8006245135279273 -0.8006237330487427
-0.4003129667498694 1.6012492154995843 -0.4003115481451176 0.8006254825053525 -0.8006251518013381 -0.4003112841327942
-0.8006240635171092 -0.4003115481451176 1.6012485664662675 0.40031154828731036 -0.40031205356619864 0.4003106473919592
-0.8006242510769804 0.8006254825053525 0.40031154828731036 1.6012492154450648 -0.4003120659281902 0.4003112839972261
0.8006245135279273 -0.8006251518013381 -0.40031205356619864 -0.4003120659281902 1.6012496523366697 -0.4003118116120076
-0.8006237330487427 -0.4003112841327942 0.4003106473919592 0.4003112839972261 -0.4003118116120076 1.601247466181626

# Matrix 4
1.6653659982587126 -0.8326815059148717 -0.8326824434272229 -0.8326815059148733 0.8326813239053261 0.8326819428921044
-0.8326815059148717 1.6653639705349912 0.8326819769870437 0.832680090088954 -0.8326797388677121 2.602781439575709e-6
-0.8326824434272229 0.8326819769870437 1.6653665306068186 -1.9034589971382352e-6 1.9671537037990094e-6 1.4960355748994114e-6
-0.8326815059148733 0.832680090088954 -1.9034589971382352e-6 1.6653639705349197 -0.8326797388677218 -0.8326812776646836
0.8326813239053261 -0.8326797388677121 1.9671537037990094e-6 -0.8326797388677218 1.665363148829292 0.8326809791271348
0.8326819428921044 2.602781439575709e-6 1.4960355748994114e-6 -0.8326812776646836 0.8326809791271348 1.6653656482471804

# Matrix 5
1.665366359867221 -0.832683179224935 0.8326831792276999 0.8326831790742834 -0.8326831796863198 0.8326831786253803
-0.832683179224935 1.6653663518736335 -0.8326831738373468 4.189316915481247e-9 0.8326831815545224 -0.8326831656735373
0.8326831792276999 -0.8326831738373468 1.6653663558658296 0.8326831770714453 -0.8326831810824505 0.8326831696749363
0.8326831790742834 4.189316915481247e-9 0.8326831770714453 1.6653663583342102 3.016969362923258e-11 0.8326831735519443
-0.8326831796863198 0.8326831815545224 -0.8326831810824505 3.016969362923258e-11 1.6653663601623663 -2.1568643869359723e-9
0.8326831786253803 -0.8326831656735373 0.8326831696749363 0.8326831735519443 -2.1568643869359723e-9 1.6653663366032154

# Matrix 6
1.6653661229146453 -0.8326828608117902 0.8326829625681555 0.8326829590425344 -0.8326827936103416 0.832682866174479
-0.8326828608117902 1.665366121423399 2.9967235379016183e-7 3.026009215228066e-7 0.8326827951284463 -0.8326828661371066
0.8326829625681555 2.9967235379016183e-7 1.6653662897744996 0.8326830269226247 -0.8326829012830531 0.8326829654743407
0.8326829590425344 3.026009215228066e-7 0.8326830269226247 1.665366285891167 3.6275421851896114e-7 0.8326829648388537
-0.8326827936103416 0.8326827951284463 -0.8326829012830531 3.6275421851896114e-7 1.6653659513193826 -0.8326827986234335
0.832682866174479 -0.8326828661371066 0.8326829654743407 0.8326829648388537 -0.8326827986234335 1.6653661320440063

# Matrix 7
1.6653657728725728 0.8326819488304047 -0.8326827342320475 0.8326816816991672 0.832681946842652 0.8326816186025395
0.8326819488304047 1.6653652855531222 -0.8326827347218512 0.8326813070526253 0.8326817173773025 -2.3205772298277678e-6
-0.8326827342320475 -0.8326827347218512 1.6653666185672236 1.0910251789947977e-6 -0.8326826760176947 1.1507957478579484e-6
0.8326816816991672 0.8326813070526253 1.0910251789947977e-6 1.6653646549597592 0.8326814190005004 0.8326809991289316
0.832681946842652 0.8326817173773025 -0.8326826760176947 0.8326814190005004 1.6653654226764394 0.8326813572765979
0.8326816186025395 -2.3205772298277678e-6 1.1507957478579484e-6 0.8326809991289316 0.8326813572765979 1.6653645019631194

# Matrix 8
1.6012492735580472 0.8006246367554137 0.40031231840500997 0.8006246367622916 0.8006246367689559 0.8006246367552768
0.8006246367554137 1.6012492735389192 -0.4003123183851946 0.4003123183578257 0.4003123183706925 0.4003123183448891
0.40031231840500997 -0.4003123183851946 1.6012492735858213 -0.40031231839147147 0.8006246367968184 -0.4003123183851425
0.8006246367622916 0.4003123183578257 -0.40031231839147147 1.6012492735584536 0.40031231837093 0.4003123183574999
0.8006246367689559 0.4003123183706925 0.8006246367968184 0.40031231837093 1.601249273565795 0.40031231837059905
0.8006246367552768 0.4003123183448891 -0.4003123183851425 0.4003123183574999 0.40031231837059905 1.6012492735384016

# Matrix 9
1.6653666981263278 -0.832682319634426 -0.832682899520174 -0.8326828370186846 0.832682898448805 0.8326829635066496
-0.832682319634426 1.6653641695229122 0.8326820257013853 0.8326818406242529 1.5970055743567747e-6 1.2941041240144472e-6
-0.832682899520174 0.8326820257013853 1.665366464123088 0.8326826025269315 -0.8326827822755403 -0.8326829633873101
-0.8326828370186846 0.8326818406242529 0.8326826025269315 1.6653662167181407 -0.8326827165988003 7.803704749972297e-7
0.832682898448805 1.5970055743567747e-6 -0.8326827822755403 -0.8326827165988003 1.665366570220037 0.8326829584687743
0.8326829635066496 1.2941041240144472e-6 -0.8326829633873101 7.803704749972297e-7 0.8326829584687743 1.6653667039213078

# Matrix 10
1.6653663553061477 -0.8326831776485581 -0.8326831776482673 0.8326831776482442 0.8326831776485425 0.8326831776481869
-0.8326831776485581 1.6653663553063318 -9.133908842666295e-12 -0.8326831776483324 -0.8326831776485006 9.271438324624358e-12
-0.8326831776482673 -9.133908842666295e-12 1.6653663553058693 -0.8326831776483343 9.201191373118699e-12 -0.8326831776481197
0.8326831776482442 -0.8326831776483324 -0.8326831776483343 1.665366355305883 0.8326831776483203 0.8326831776482146
0.8326831776485425 -0.8326831776485006 9.201191373118699e-12 0.8326831776483203 1.6653663553062485 0.8326831776486427
0.8326831776481869 9.271438324624358e-12 -0.8326831776481197 0.8326831776482146 0.8326831776486427 1.6653663553057334

# Matrix 11
1.6653664417056904 0.8326832126025143 -0.832683219023769 -0.8326832153365064 -0.8326832118459032 0.8326832118294855
0.8326832126025143 1.6653663040827569 7.642095136646416e-9 -0.8326830856805899 -0.8326830801830409 0.8326830791164092
-0.832683219023769 7.642095136646416e-9 1.6653664418201222 -4.107867815916124e-9 0.8326832178145593 -0.832683216422307
-0.8326832153365064 -0.8326830856805899 -4.107867815916124e-9 1.665366313514535 0.8326830842920597 1.3959049922859313e-7
-0.8326832118459032 -0.8326830801830409 0.8326832178145593 0.8326830842920597 1.6653663011839073 -0.8326830769705296
0.8326832118294855 0.8326830791164092 -0.832683216422307 1.3959049922859313e-7 -0.8326830769705296 1.6653662979343473

# Matrix 12
1.6012492767307656 -0.40031233533663174 -0.8006246312474302 -0.8006246197452551 0.8006246319184361 0.8006246181149547
-0.40031233533663174 1.6012492787222508 0.8006246581302359 -0.4003122986941625 0.40031230997875705 0.40031229785616684
-0.8006246312474302 0.8006246581302359 1.601249275815584 0.40031229667921653 -0.40031230893402 -0.4003122950134829
-0.8006246197452551 -0.4003122986941625 0.40031229667921653 1.6012492420593702 -0.40031229760569653 -0.4003122725624705
0.8006246319184361 0.40031230997875705 -0.40031230893402 -0.40031229760569653 1.6012492773897717 0.4003122960091062
0.8006246181149547 0.40031229785616684 -0.4003122950134829 -0.4003122725624705 0.4003122960091062 1.601249237445098

# Matrix 13
1.6012492930910436 -0.4003123382078513 0.800624640333382 -0.8006246407494707 -0.8006246409058211 0.8006246287440622
-0.4003123382078513 1.6012492477899434 0.4003122909131394 0.8006246647168852 0.8006246643815265 0.40031225744328824
0.800624640333382 0.4003122909131394 1.6012492802232088 -0.4003123137665872 -0.40031231402116135 0.4003122789802062
-0.8006246407494707 0.8006246647168852 -0.4003123137665872 1.6012492926513724 0.4003123145929563 -0.40031230188127964
-0.8006246409058211 0.8006246643815265 -0.40031231402116135 0.4003123145929563 1.6012492928079394 -0.40031230242577887
0.8006246287440622 0.40031225744328824 0.4003122789802062 -0.40031230188127964 -0.40031230242577887 1.6012492118911783

# Matrix 14
1.6653663544017743 -0.832683176958892 0.8326831769173643 -0.8326831769556033 -0.8326831764275751 0.832683175960602
-0.832683176958892 1.6653663552197704 6.768098830638675e-10 0.8326831772835432 0.8326831769256798 -0.8326831766175786
0.8326831769173643 6.768098830638675e-10 1.6653663551621303 6.794142499214326e-10 -0.8326831768842747 0.8326831765704542
-0.8326831769556033 0.8326831772835432 6.794142499214326e-10 1.6653663552123619 -1.0098889089180209e-9 -0.8326831766143434
-0.8326831764275751 0.8326831769256798 -0.8326831768842747 -1.0098889089180209e-9 1.6653663543049841 -0.8326831758993585
0.832683175960602 -0.8326831766175786 0.8326831765704542 -0.8326831766143434 -0.8326831758993585 1.66536635321436

# Matrix 15
1.6653663474648481 0.8326831705279681 0.8326831726554543 0.8326831611951429 0.8326831514081021 -0.8326831716090852
0.8326831705279681 1.6653663568029242 -7.482504398494266e-9 -1.481691540584613e-8 0.8326831605905117 -0.8326831743660694
0.8326831726554543 -7.482504398494266e-9 1.6653663603052513 0.8326831711251993 0.8326831654834942 -0.8326831765071093
0.8326831611951429 -1.481691540584613e-8 0.8326831711251993 1.6653663405740147 0.8326831469780072 -0.8326831697840362
0.8326831514081021 0.8326831605905117 0.8326831654834942 0.8326831469780072 1.6653663130685077 -0.8326831627562818
-0.8326831716090852 -0.8326831743660694 -0.8326831765071093 -0.8326831697840362 -0.8326831627562818 1.665366358663075

# Matrix 16
1.6653664121556602 0.8326831580377411 -0.8326831588061016 0.8326831611077296 0.8326831607762207 0.8326831610891469
0.8326831580377411 1.6653663045026268 -0.8326830915548674 0.8326830962842814 -1.2492135147959957e-7 -1.2338042387578827e-7
-0.8326831588061016 -0.8326830915548674 1.6653663159271468 -0.832683099502206 -0.8326830974920336 -0.832683098573261
0.8326831611077296 0.8326830962842814 -0.832683099502206 1.6653663241861407 0.8326831023889603 0.8326831028583467
0.8326831607762207 -1.2492135147959957e-7 -0.8326830974920336 0.8326831023889603 1.6653663214071004 0.8326831010175604
0.8326831610891469 -1.2338042387578827e-7 -0.832683098573261 0.8326831028583467 0.8326831010175604 1.6653663232494238

# Matrix 17
1.6012488682343167 -0.4003115205275556 -0.800624186307636 0.8006244301672455 -0.8006231713890861 0.8006244165990174
-0.4003115205275556 1.601248825323846 -0.4003131500236008 -0.8006244188563216 0.8006231274551597 -0.8006244401893825
-0.800624186307636 -0.4003131500236008 1.601249364024871 -0.4003120941190873 0.4003112448182623 -0.4003120699054795
0.8006244301672455 -0.8006244188563216 -0.4003120941190873 1.601249618878759 -0.40031157573015175 0.40031213884282324
-0.8006231713890861 0.8006231274551597 0.4003112448182623 -0.40031157573015175 1.601246649704113 -0.4003115955656939
0.8006244165990174 -0.8006244401893825 -0.4003120699054795 0.40031213884282324 -0.4003115955656939 1.6012495834203326

# Matrix 18
1.6012492764703543 -0.800624630854085 0.4003123370433671 0.8006246187042625 -0.40031229480592073 -0.8006246165244226
-0.800624630854085 1.6012492759069894 0.400312307928069 -0.400312295533028 0.8006246171745957 0.400312293752187
0.4003123370433671 0.400312307928069 1.6012492774057319 -0.4003122967602723 0.8006246185465127 0.40031229533881324
0.8006246187042625 -0.400312295533028 -0.4003122967602723 1.6012492412378114 -0.8006245940883473 -0.4003122700995413
-0.40031229480592073 0.8006246171745957 0.8006246185465127 -0.8006245940883473 1.6012492378409782 0.8006245908965105
-0.8006246165244226 0.400312293752187 0.40031229533881324 -0.4003122700995413 0.8006245908965105 1.6012492344439948

# Matrix 19
1.6012485125525497 -0.8006237800828974 0.8006238342262676 0.4003113417673066 -0.40031104345082175 0.40031390914914194
-0.8006237800828974 1.6012489629821878 -0.4003116059128146 -0.8006240543126419 0.800623833614444 0.4003113628601931
0.8006238342262676 -0.4003116059128146 1.6012490181782797 0.8006240775337817 -0.8006238774916264 -0.40031138573774094
0.4003113417673066 -0.8006240543126419 0.8006240775337817 1.6012490185471875 -0.4003113851262383 -0.8006238789307091
-0.40031104345082175 0.800623833614444 -0.8006238774916264 -0.4003113851262383 1.6012486097546623 0.8006236569873173
0.40031390914914194 0.4003113628601931 -0.40031138573774094 -0.8006238789307091 0.8006236569873173 1.6012486548044471

# Matrix 20
1.6012472216264462 -0.8006233484807633 -0.400313765898593 -0.8006214536016402 -0.8006212782283333 0.40031637247724705
-0.8006233484807633 1.6012490407855835 0.8006255377677636 0.40031062385572364 0.40031040428273074 0.40031051510370586
-0.400313765898593 0.8006255377677636 1.6012506451042792 -0.4003117369244988 -0.4003117925779564 -0.40031220824920044
-0.8006214536016402 0.40031062385572364 -0.4003117369244988 1.6012469015525481 0.40030831165829356 0.40030924074691915
-0.8006212782283333 0.40031040428273074 -0.4003117925779564 0.40030831165829356 1.6012465847138213 0.40030900007202674
0.40031637247724705 0.40031051510370586 -0.40031220824920044 0.40030924074691915 0.40030900007202674 1.6012480846577288

# Matrix 21
1.6012492489618966 -0.4003123420884151 0.8006245650669827 0.8006245777946623 -0.8006246115926788 -0.8006245776209682
-0.4003123420884151 1.60124930822759 0.4003123067049079 0.4003123067329015 -0.4003123168994842 0.8006246715436074
0.8006245650669827 0.4003123067049079 1.6012491792488486 0.4003122130773184 -0.40031225740021353 -0.4003122130862622
0.8006245777946623 0.4003123067329015 0.4003122130773184 1.601249215929585 -0.4003122700573604 -0.40031223699541
-0.8006246115926788 -0.4003123168994842 -0.40031225740021353 -0.4003122700573604 1.6012492822520081 0.40031227092100613
-0.8006245776209682 0.8006246715436074 -0.4003122130862622 -0.40031223699541 0.40031227092100613 1.601249215501112

# Matrix 22
1.6653663679225963 0.8326831820839761 0.8326831810296973 -0.8326831838479167 -0.8326831804349376 -0.8326831827952741
0.8326831820839761 1.665366366648951 0.8326831830096905 -0.8326831852093374 2.6358862198789345e-9 -5.236709036521296e-10
0.8326831810296973 0.8326831830096905 1.6653663544858888 -0.8326831742173372 -0.8326831633184868 -0.832683163233432
-0.8326831838479167 -0.8326831852093374 -0.8326831742173372 1.6653663631211908 -1.6022292934844158e-8 0.8326831687588107
-0.8326831804349376 2.6358862198789345e-9 -0.8326831633184868 -1.6022292934844158e-8 1.6653663367230949 0.8326831517257463
-0.8326831827952741 -5.236709036521296e-10 -0.832683163233432 0.8326831687588107 0.8326831517257463 1.6653663349706378

# Matrix 23
1.665366347890768 0.832683170820633 -0.8326831683452764 -0.8326831702168961 -0.832683170712403 0.8326831690196814
0.832683170820633 1.665366351712797 -0.8326831708112824 6.818900691670006e-9 6.655758852230449e-9 -8.504989415514513e-9
-0.8326831683452764 -0.8326831708112824 1.6653663478288823 0.8326831701702606 0.8326831706971228 1.0524893393748744e-8
-0.8326831702168961 6.818900691670006e-9 0.8326831701702606 1.665366351068514 0.832683172227031 -0.8326831711556906
-0.832683170712403 6.655758852230449e-9 0.8326831706971228 0.832683172227031 1.665366352260402 -0.8326831716511924
0.8326831690196814 -8.504989415514513e-9 1.0524893393748744e-8 -0.8326831711556906 -0.8326831716511924 1.6653663497904092

# Matrix 24
1.6653663553025524 0.8326831776404204 -0.8326831776457159 -0.8326831776456812 -0.8326831776483145 0.8326831776482528
0.8326831776404204 1.6653663552959093 -0.8326831776439351 1.547777192077151e-11 1.1959327367745673e-11 -1.2152368404123198e-11
-0.8326831776457159 -0.8326831776439351 1.6653663553067608 0.832683177647393 -1.0257421803152046e-11 -0.8326831776490745
-0.8326831776456812 1.547777192077151e-11 0.832683177647393 1.6653663553067983 0.8326831776491406 -0.8326831776491019
-0.8326831776483145 1.1959327367745673e-11 -1.0257421803152046e-11 0.8326831776491406 1.6653663553094602 -0.8326831776501649
0.8326831776482528 -1.2152368404123198e-11 -0.8326831776490745 -0.8326831776491019 -0.8326831776501649 1.6653663553092979

# Matrix 25
1.60124927366329 0.8006246345921216 -0.8006246352745409 -0.400312320235168 -0.4003123212526456 0.40031231410164914
0.8006246345921216 1.6012492702848613 -0.40031231516896054 0.4003123168201656 0.4003123150474968 0.8006246301506739
-0.8006246352745409 -0.40031231516896054 1.6012492724549496 -0.40031231738006223 -0.40031231643418086 -0.8006246322470285
-0.400312320235168 0.4003123168201656 -0.40031231738006223 1.6012492749189289 0.40031231753793384 0.8006246349228439
-0.4003123212526456 0.4003123150474968 -0.40031231643418086 0.40031231753793384 1.6012492729965648 0.8006246324924635
0.40031231410164914 0.8006246301506739 -0.8006246322470285 0.8006246349228439 0.8006246324924635 1.6012492647470435

# Matrix 26
1.665366125166072 0.8326829772491501 -0.8326830275642073 -0.8326825426539318 0.8326830241379839 -0.8326828578833031
0.8326829772491501 1.665366375878189 1.7689012659612945e-7 -0.8326827271447991 0.8326831559257443 -0.8326829087242883
-0.8326830275642073 1.7689012659612945e-7 1.6653664307645746 0.8326829179717311 -0.8326830917789005 -1.7363975529116148e-7
-0.8326825426539318 -0.8326827271447991 0.8326829179717311 1.6653653690356078 -0.8326829033893755 0.8326824548372286
0.8326830241379839 0.8326831559257443 -0.8326830917789005 -0.8326829033893755 1.6653664336164187 1.8920826878454767e-7
-0.8326828578833031 -0.8326829087242883 -1.7363975529116148e-7 0.8326824548372286 1.8920826878454767e-7 1.6653659769753308

# Matrix 27
1.6653663590911918 -0.8326831790709832 -0.832683179406109 0.8326831780050286 -0.832683177230038 0.8326831773924208
-0.8326831790709832 1.665366358941549 0.8326831789401182 2.176547122592513e-9 -3.5690012345162944e-9 4.623740478339226e-9
-0.832683179406109 0.8326831789401182 1.665366359749289 1.3795347775817868e-9 0.8326831778872337 -0.8326831765169225
0.8326831780050286 2.176547122592513e-9 1.3795347775817868e-9 1.6653663581915825 -0.8326831763205572 -3.547231875914469e-9
-0.832683177230038 -3.5690012345162944e-9 0.8326831778872337 -0.8326831763205572 1.6653663541914256 -0.8326831730918232
0.8326831773924208 4.623740478339226e-9 -0.8326831765169225 -3.547231875914469e-9 -0.8326831730918232 1.6653663511280306

# Matrix 28
1.6653664464899245 0.8326830668986883 0.832683192605817 0.8326831906069818 -0.8326830966235194 0.8326830947998421
0.8326830668986883 1.6653659726969436 0.8326830722734986 0.8326830718172425 -0.8326828012458003 0.832682799273163
0.832683192605817 0.8326830722734986 1.6653664532363548 0.832683194734695 1.5726275924092939e-7 -1.5740378547331953e-7
0.8326831906069818 0.8326830718172425 0.832683194734695 1.6653664518562132 1.5787537530580424e-7 -1.5862179824120617e-7
-0.8326830966235194 -0.8326828012458003 1.5726275924092939e-7 1.5787537530580424e-7 1.665366119799624 -0.8326828866276537
0.8326830947998421 0.832682799273163 -1.5740378547331953e-7 -1.5862179824120617e-7 -0.8326828866276537 1.6653661147811105

# Matrix 29
1.665388079182331 -0.8326772650029993 0.8326889222482062 0.8326718889881655 -0.8326829223568033 -0.8326773191337948
-0.8326772650029993 1.665349353549615 2.1953010414683077e-5 -0.8326332188723097 0.8326611182863295 -5.535989114973841e-5
0.8326889222482062 2.1953010414683077e-5 1.6653885066030778 0.832672311155446 1.623780879723585e-5 -0.8326776850251196
0.8326718889881655 -0.8326332188723097 0.832672311155446 1.665305846807699 -0.832645026592176 -0.8326227535200501
-0.8326829223568033 0.8326611182863295 1.623780879723585e-5 -0.832645026592176 1.6653666479091789 0.8326559145414721
-0.8326773191337948 -5.535989114973841e-5 -0.8326776850251196 -0.8326227535200501 0.8326559145414721 1.665333542178863

# Matrix 30
1.6012492813122055 0.4003123514818151 0.8006246038469063 0.8006246292098661 -0.8006246161174838 -0.8006246295170344
0.4003123514818151 1.6012492802304132 -0.4003122766299802 0.8006246768475628 0.40031228893559895 -0.8006246767319485
0.8006246038469063 -0.4003122766299802 1.6012492069304907 0.40031227861848184 -0.40031225311993063 -0.40031227930203117
0.8006246292098661 0.8006246768475628 0.40031227861848184 1.6012492820813466 -0.40031229092564313 -0.40031230358918046
-0.8006246161174838 0.40031228893559895 -0.40031225311993063 -0.40031229092564313 1.6012492450490952 0.40031229118041844
-0.8006246295170344 -0.8006246767319485 -0.40031227930203117 -0.40031230358918046 0.40031229118041844 1.6012492827478964

# Matrix 31
1.665366294652045 0.8326821327907191 0.8326826779318858 -0.832682581504566 -0.8326826756561828 -0.8326825846952053
0.8326821327907191 1.6653645214045767 0.8326822138977514 -0.8326821415935116 1.5071177137910357e-6 1.5733456538729216e-6
0.8326826779318858 0.8326822138977514 1.6653664631138057 -0.8326826812717436 -0.832682741941035 -0.8326826829599042
-0.832682581504566 -0.8326821415935116 -0.8326826812717436 1.6653663060048551 -1.0406647874283095e-6 0.8326825899963376
-0.8326826756561828 1.5071177137910357e-6 -0.832682741941035 -1.0406647874283095e-6 1.6653664591638406 0.8326826794638124
-0.8326825846952053 1.5733456538729216e-6 -0.8326826829599042 0.8326825899963376 0.8326826794638124 1.6653663137439207

# Matrix 32
1.6653656038508657 -0.8326818500652443 0.8326826351631402 -0.8326813455691635 -0.8326816423807998 0.8326815769961814
-0.8326818500652443 1.665365322336279 -0.8326826934252209 0.8326811479230433 0.8326814429077638 2.1487264082392414e-6
0.8326826351631402 -0.8326826934252209 1.665366541575454 1.1556450724509527e-6 1.09194330819599e-6 -1.153095022176559e-6
-0.8326813455691635 0.8326811479230433 1.1556450724509527e-6 1.66536396233624 0.8326808478635367 -0.8326807805121267
-0.8326816423807998 0.8326814429077638 1.09194330819599e-6 0.8326808478635367 1.665364842628418 -0.8326812240158395
0.8326815769961814 2.1487264082392414e-6 -1.153095022176559e-6 -0.8326807805121267 -0.8326812240158395 1.6653646843039822

# Matrix 33
1.6653663467045783 -0.8326831687803568 0.8326831658765028 0.8326831715865493 0.8326831644945487 0.8326831674056595
-0.8326831687803568 1.6653663506993461 -0.83268316865942 6.8028265315331894e-9 1.234208428033634e-8 1.0819073223603216e-8
0.8326831658765028 -0.83268316865942 1.6653663453528382 -8.947415997065568e-9 0.8326831637218987 0.8326831668069821
0.8326831715865493 6.8028265315331894e-9 -8.947415997065568e-9 1.6653663552356448 0.8326831702121069 0.8326831722131255
0.8326831644945487 1.234208428033634e-8 0.8326831637218987 0.8326831702121069 1.6653663424044949 0.8326831654209381
0.8326831674056595 1.0819073223603216e-8 0.8326831668069821 0.8326831722131255 0.8326831654209381 1.6653663485787162

# Matrix 34
1.6012483796539838 -0.8006218073660367 -0.8006241092560828 0.40031360794544063 -0.40031068677274767 -0.4003158653660146
-0.8006218073660367 1.601246460945043 0.40031071747003344 0.40031162605395865 0.8006227383209746 -0.4003089851021603
-0.8006241092560828 0.40031071747003344 1.6012503826079327 0.4003122808289643 0.8006244247337534 -0.40031106694440954
0.40031360794544063 0.40031162605395865 0.4003122808289643 1.6012507180556463 0.8006248161165269 -0.4003116686584265
-0.40031068677274767 0.8006227383209746 0.8006244247337534 0.8006248161165269 1.6012494942830304 -0.8006231521639262
-0.4003158653660146 -0.4003089851021603 -0.40031106694440954 -0.4003116686584265 -0.8006231521639262 1.6012480580634405

# Matrix 35
1.6653663544175694 -0.8326831759967672 0.8326831769747609 -0.8326831764621465 -0.8326831764837209 0.8326831769564016
-0.8326831759967672 1.6653663532716936 -0.8326831766542918 0.8326831759572206 0.8326831759796018 1.3021504854763316e-9
0.8326831769747609 -0.8326831766542918 1.665366355232407 9.696933598927276e-10 -0.832683176971758 -6.485612206067475e-10
-0.8326831764621465 0.8326831759572206 9.696933598927276e-10 1.6653663543562152 0.8326831764464709 -0.832683176946343
-0.8326831764837209 0.8326831759796018 -0.832683176971758 0.8326831764464709 1.6653663543928077 -0.8326831769663472
0.8326831769564016 1.3021504854763316e-9 -6.485612206067475e-10 -0.832683176946343 -0.8326831769663472 1.6653663552030895

# Matrix 36
1.6014251208681378 -0.8006590357072331 0.40044635501317233 -0.8005538122046082 -0.40023408205689215 -0.8006586841878996
-0.8006590357072331 1.6013191965712197 0.40021394867506516 0.40002346294795077 0.8004696751368555 0.4002120327020583
0.40044635501317233 0.40021394867506516 1.6013199642119174 0.4000239333968937 0.8004702225314235 0.4002125141136822
-0.8005538122046082 0.40002346294795077 0.4000239333968937 1.600666071140904 0.8001117884873458 0.40002133671995627
-0.40023408205689215 0.8004696751368555 0.8004702225314235 0.8001117884873458 1.6009831086941193 0.8004681207787487
-0.8006586841878996 0.4002120327020583 0.4002125141136822 0.40002133671995627 0.8004681207787487 1.6013172816165915

# Matrix 37
1.6653663639422767 -0.8326831782347629 0.8326831785379183 0.8326831793100403 -0.8326831803564914 -0.8326831806740055
-0.8326831782347629 1.665366343136301 -0.8326831616817997 -0.8326831701314833 -1.4403513368335155e-8 -8.090149137784397e-9
0.8326831785379183 -0.8326831616817997 1.66536634432373 0.8326831707312046 -0.8326831682449578 -0.8326831745616138
0.8326831793100403 -0.8326831701314833 0.8326831707312046 1.665366356927654 7.514012091487841e-9 -0.832683177316077
-0.8326831803564914 -1.4403513368335155e-8 -0.8326831682449578 7.514012091487841e-9 1.6653663553491842 0.8326831776032702
-0.8326831806740055 -8.090149137784397e-9 -0.8326831745616138 -0.832683177316077 0.8326831776032702 1.66536636164793

# Matrix 38
1.6653347501175102 0.8326234726684858 -0.8326561715285534 -0.8326571506586181 0.8326236423890998 0.8326236404079217
0.8326234726684858 1.665305044708817 -0.8326447928751072 4.820893750678921e-5 0.8326109152480252 0.8326109125216105
-0.8326561715285534 -0.8326447928751072 1.6653665319111108 -2.6688517254570237e-5 4.945040506790458e-5 4.945161919355508e-5
-0.8326571506586181 4.820893750678921e-5 -2.6688517254570237e-5 1.6653676827983408 -0.8326463183900127 4.8210266720242796e-5
0.8326236423890998 0.8326109152480252 4.945040506790458e-5 -0.8326463183900127 1.6653056131584985 0.8326110823710198
0.8326236404079217 0.8326109125216105 4.945161919355508e-5 4.8210266720242796e-5 0.8326110823710198 1.6653056081355817

# Matrix 39
1.6653667932293241 0.832683077046347 -0.8326833944765941 -0.8326833385442498 -0.8326828470983818 -0.8326830179073064
0.832683077046347 1.6653663763595143 1.2121105397020985e-7 -0.8326831334947652 -0.8326823721490978 -0.832682689918702
-0.8326833944765941 1.2121105397020985e-7 1.665366906350327 -1.3644147815782356e-9 0.8326833330296954 0.8326833891753012
-0.8326833385442498 -0.8326831334947652 -1.3644147815782356e-9 1.6653669044318302 0.8326829570708206 0.8326830729430851
-0.8326828470983818 -0.8326823721490978 0.8326833330296954 0.8326829570708206 1.6653651558132045 0.8326821289813968
-0.8326830179073064 -0.832682689918702 0.8326833891753012 0.8326830729430851 0.8326821289813968 1.665366012909519

# Matrix 40
1.601249278073548 0.4003123348143172 0.800624633760698 0.8006246328826895 0.8006246211257572 -0.8006246331430736
0.4003123348143172 1.6012492767377136 0.8006246560052519 0.8006246581564435 -0.4003122977374346 0.4003123100130282
0.800624633760698 0.8006246560052519 1.6012492787902877 0.40031231155278396 0.4003123004032619 -0.4003123113503231
0.8006246328826895 0.8006246581564435 0.40031231155278396 1.6012492772521052 0.40031229774327054 -0.40031231035127324
0.8006246211257572 -0.4003122977374346 0.4003123004032619 0.40031229774327054 1.6012492423715585 -0.40031229854805217
-0.8006246331430736 0.4003123100130282 -0.4003123113503231 -0.40031231035127324 -0.40031229854805217 1.6012492782198395

# Matrix 41
1.6012471391590362 0.4003127546255661 -0.8006217513531481 -0.800622639080926 -0.8006224183200362 -0.8006210042515065
0.4003127546255661 1.601250875328961 -0.8006254870200213 0.40031266565312446 -0.8006255205039464 0.4003127330556266
-0.8006217513531481 -0.8006254870200213 1.601247238974668 0.4003099739593226 0.40030979627650953 0.4003082717051237
-0.800622639080926 0.40031266565312446 0.4003099739593226 1.6012486057485575 0.4003102884829833 0.4003095684901621
-0.8006224183200362 -0.8006255205039464 0.40030979627650953 0.4003102884829833 1.6012483879409634 0.40030925864491784
-0.8006210042515065 0.4003127330556266 0.4003082717051237 0.4003095684901621 0.40030925864491784 1.6012453815032512

# Matrix 42
1.601249280205302 -0.8006246046868715 0.40031227811752984 0.4003123622182285 -0.4003123618683509 0.8006246029780145
-0.8006246046868715 1.601249212614092 -0.8006245597277011 0.4003122567431285 -0.4003122578161009 -0.40031223121883047
0.40031227811752984 -0.8006245597277011 1.6012492114834733 -0.8006245821453827 0.8006245836530195 0.8006245565311382
0.4003123622182285 0.4003122567431285 -0.8006245821453827 1.6012492465000685 -0.40031227981123374 -0.40031225393737535
-0.4003123618683509 -0.4003122578161009 0.8006245836530195 -0.40031227981123374 1.6012492491653127 0.40031225579852997
0.8006246029780145 -0.40031223121883047 0.8006245565311382 -0.40031225393737535 0.40031225579852997 1.6012492060383945

# Matrix 43
1.601249042652727 0.40031245463529797 0.8006243667548973 0.8006243662570117 0.8006243997826205 0.800624133278321
0.40031245463529797 1.6012494489843014 -0.40031228662380697 0.8006248090417084 -0.40031229809429314 -0.4003122412717897
0.8006243667548973 -0.40031228662380697 1.601249140771645 0.40031204458531305 0.4003120782324777 0.40031184440678325
0.8006243662570117 0.8006248090417084 0.40031204458531305 1.601249140032427 0.40031207782754014 0.4003118440031493
0.8006243997826205 -0.40031229809429314 0.4003120782324777 0.40031207782754014 1.6012492073212927 0.40031188908977916
0.800624133278321 -0.4003122412717897 0.40031184440678325 0.4003118440031493 0.40031188908977916 1.6012486161594341

# Matrix 44
1.6012492746054199 -0.8006246364485107 -0.4003123178561383 -0.4003123200394583 -0.40031231944168927 -0.8006246362909821
-0.8006246364485107 1.6012492743588864 0.8006246368003986 -0.4003123180588246 -0.40031231866724687 0.4003123171615748
-0.4003123178561383 0.8006246368003986 1.6012492733015147 -0.8006246351106717 0.400312317591385 0.8006246330462887
-0.4003123200394583 -0.4003123180588246 -0.8006246351106717 1.601249272732218 0.40031232091854235 -0.4003123132661956
-0.40031231944168927 -0.40031231866724687 0.400312317591385 0.40031232091854235 1.6012492744542248 0.8006246349203888
-0.8006246362909821 0.4003123171615748 0.8006246330462887 -0.4003123132661956 0.8006246349203888 1.6012492661295246

# Matrix 45
1.6653662369547513 -0.8326823060314571 0.832682306499993 -0.8326830624535883 -0.8326830604747082 0.8326823667185389
-0.8326823060314571 1.6653651947956674 -0.8326816456065387 -7.509379804781004e-7 0.8326827929516818 1.7217737925795094e-6
0.832682306499993 -0.8326816456065387 1.665365192372194 -0.8326827944588486 -0.8326827906792104 0.832681825160607
-0.8326830624535883 -7.509379804781004e-7 -0.8326827944588486 1.6653666655010628 0.8326831173901368 -0.8326828545310737
-0.8326830604747082 0.8326827929516818 -0.8326827906792104 0.8326831173901368 1.6653666650653274 6.972548586697863e-7
0.8326823667185389 1.7217737925795094e-6 0.832681825160607 -0.8326828545310737 6.972548586697863e-7 1.6653654392741204

# Matrix 46
1.6653663546827728 0.8326831746696554 -0.8326831770472699 -0.8326831757756196 -0.8326831762379132 0.8326831755823156
0.8326831746696554 1.6653663493826614 -0.8326831759607641 -0.8326831734360621 -0.8326831740623163 0.8326831727589683
-0.8326831770472699 -0.8326831759607641 1.6653663559551313 0.8326831767334291 -1.3968140542003858e-9 1.8779938954427936e-9
-0.8326831757756196 -0.8326831734360621 0.8326831767334291 1.6653663534386618 0.8326831754706445 -0.8326831746519234
-0.8326831762379132 -0.8326831740623163 -1.3968140542003858e-9 0.8326831754706445 1.66536635422542 -0.8326831751274034
0.8326831755823156 0.8326831727589683 1.8779938954427936e-9 -0.8326831746519234 -0.8326831751274034 1.665366352572124

# Matrix 47
1.6653663529767053 0.8326831749186054 -0.8326831708706804 0.8326831725849294 -0.8326831721269469 -0.832683174308876
0.8326831749186054 1.66536635440478 -0.8326831722794986 -5.166846149540024e-9 4.999425563571996e-9 3.597739169015743e-9
-0.8326831708706804 -0.8326831722794986 1.6653663458571126 -0.8326831693272958 0.8326831688848337 -7.180337748755955e-9
0.8326831725849294 -5.166846149540024e-9 -0.8326831693272958 1.6653663506551921 -0.8326831705876193 -0.8326831733843609
-0.8326831721269469 4.999425563571996e-9 0.8326831688848337 -0.8326831705876193 1.6653663489832493 0.8326831729215805
-0.832683174308876 3.597739169015743e-9 -7.180337748755955e-9 -0.8326831733843609 0.8326831729215805 1.6653663539610886

# Matrix 48
1.6653663584968477 0.8326831791664718 0.8326831790301065 -0.8326831790334993 0.8326831790358996 -0.8326831788769518
0.8326831791664718 1.6653663583062404 0.8326831791386635 -0.8326831790046251 1.211061572637067e-10 3.20382547062618e-11
0.8326831790301065 0.8326831791386635 1.6653663578343925 -0.8326831786785774 0.8326831781934299 -0.8326831778904575
-0.8326831790334993 -0.8326831790046251 -0.8326831786785774 1.6653663580137779 -0.8326831786654018 -9.622790455755205e-10
0.8326831790358996 1.211061572637067e-10 0.8326831781934299 -0.8326831786654018 1.665366355213865 -0.8326831741833014
-0.8326831788769518 3.20382547062618e-11 -0.8326831778904575 -9.622790455755205e-10 -0.8326831741833014 1.6653663507298475

# Matrix 49
1.601249273554729 0.800624636764086 -0.40031231836894515 -0.800624636764531 -0.8006246367641557 0.40031231842154985
0.800624636764086 1.6012492735537243 -0.8006246367634947 -0.4003123183689702 -0.40031231836866443 -0.40031231836811404
-0.40031231836894515 -0.8006246367634947 1.601249273553785 0.8006246367641066 0.8006246367637411 0.8006246367632852
-0.800624636764531 -0.4003123183689702 0.8006246367641066 1.601249273554789 0.40031231836906567 0.4003123183689269
-0.8006246367641557 -0.40031231836866443 0.8006246367637411 0.40031231836906567 1.601249273554009 0.4003123183680496
0.40031231842154985 -0.40031231836811404 0.8006246367632852 0.4003123183689269 0.4003123183680496 1.6012492735516757

# Matrix 50
1.6012471861039144 0.40031276891848094 0.8006218670235286 0.8006216685469498 0.8006218677553903 -0.800621866977997
0.40031276891848094 1.6012508240866794 0.800625493959061 -0.40031265972698765 -0.40031261560687964 -0.8006254939770796
0.8006218670235286 0.800625493959061 1.6012473828634795 0.4003090198670472 0.4003092740102952 -0.4003092731400412
0.8006216685469498 -0.40031265972698765 0.4003090198670472 1.6012470068232643 0.4003090206668097 -0.4003090196938198
0.8006218677553903 -0.40031261560687964 0.4003092740102952 0.4003090206668097 1.6012473842717014 -0.4003092739224876
-0.800621866977997 -0.8006254939770796 -0.4003092731400412 -0.4003090196938198 -0.4003092739224876 1.6012473827485878

# Matrix 51
1.601249275498281 0.40031233601969424 -0.8006246162307123 0.8006246308977657 -0.8006246319092373 0.8006246172064508
0.40031233601969424 1.6012492792410207 0.40031229821051484 0.8006246583297305 0.4003123106692036 -0.4003122971783779
-0.8006246162307123 0.40031229821051484 1.6012492367380329 -0.40031229500344184 0.40031229629739795 -0.4003122697204795
0.8006246308977657 0.8006246583297305 -0.40031229500344184 1.6012492773897649 -0.40031230973915516 0.40031229579780203
-0.8006246319092373 0.4003123106692036 0.40031229629739795 -0.40031230973915516 1.6012492788758872 -0.40031229745914937
0.8006246172064508 -0.4003122971783779 -0.4003122697204795 0.40031229579780203 -0.40031229745914937 1.6012492367388653

# Matrix 52
1.6012492455498288 0.8006246160289495 -0.4003123394764701 0.400312253509275 0.8006245787668754 0.40031227653478907
0.8006246160289495 1.6012492804469303 0.4003123130033631 0.8006246037449583 0.4003122764416014 0.8006246144621716
-0.4003123394764701 0.4003123130033631 1.6012492938571878 0.8006246288910179 0.4003123021625308 0.800624627613743
0.400312253509275 0.8006246037449583 0.8006246288910179 1.601249209705041 0.8006245552059834 0.4003122531277193
0.8006245787668754 0.4003122764416014 0.4003123021625308 0.8006245552059834 1.601249206382539 0.8006245784074348
0.40031227653478907 0.8006246144621716 0.800624627613743 0.4003122531277193 0.8006245784074348 1.6012492426147673

# Matrix 53
1.6023415951547446 -0.40026889473433624 0.7990039366635525 -0.7992433000502226 0.7988284675443877 0.7982932680305516
-0.40026889473433624 1.6041956367255823 0.40217314334806786 0.801141569843734 -0.8008563855133624 0.402608475932451
0.7990039366635525 0.40217314334806786 1.599157422899287 -0.39643546809922775 0.39560098010400346 0.39476420951406843
-0.7992433000502226 0.801141569843734 -0.39643546809922775 1.5999692714127183 -0.3960823800408096 -0.3952248149662829
0.7988284675443877 -0.8008563855133624 0.39560098010400346 -0.3960823800408096 1.59845372016655 0.39440935492540063
0.7982932680305516 0.402608475932451 0.39476420951406843 -0.3952248149662829 0.39440935492540063 1.5964812032338334

# Matrix 54
1.6653663534790033 0.8326831728712135 0.832683176331709 0.8326831718027538 0.8326831718003261 -0.8326831721217657
0.8326831728712135 1.6653663484356322 0.832683174433269 0.8326831694462098 0.8326831694430018 -0.8326831691234824
0.832683176331709 0.832683174433269 1.6653663564461127 -4.719449209288533e-9 -4.721847224248777e-9 -0.8326831744488444
0.8326831718027538 0.8326831694462098 -4.719449209288533e-9 1.6653663477022842 0.8326831685243216 -0.8326831687017138
0.8326831718003261 0.8326831694430018 -4.721847224248777e-9 0.8326831685243216 1.6653663476957221 -0.832683168701775
-0.8326831721217657 -0.8326831691234824 -0.8326831744488444 -0.8326831687017138 -0.832683168701775 1.6653663480264755

# Matrix 55
1.665366354225758 0.8326831768122281 -0.8326831761018719 0.8326831761852455 -0.832683176554005 0.8326831749582043
0.8326831768122281 1.6653663555027476 -0.8326831769062606 -1.1947200609666216e-9 1.0346106652114197e-9 -1.9271407471471916e-9
-0.8326831761018719 -0.8326831769062606 1.6653663544026303 1.962213082997693e-9 0.8326831766357695 -0.8326831750256287
0.8326831761852455 -1.1947200609666216e-9 1.962213082997693e-9 1.6653663542734303 -0.832683176577416 0.8326831749381992
-0.832683176554005 1.0346106652114197e-9 0.8326831766357695 -0.832683176577416 1.6653663551562656 -0.8326831757049503
0.8326831749582043 -1.9271407471471916e-9 -0.8326831750256287 0.8326831749381992 -0.8326831757049503 1.6653663511713672

# Matrix 56
1.6012492729973127 0.4003123163818589 0.8006246353808211 -0.8006246364856751 -0.8006246349118347 0.800624632379516
0.4003123163818589 1.6012492738085178 -0.4003123213854381 0.40031232008224 -0.8006246355389921 0.8006246328205122
0.8006246353808211 -0.4003123213854381 1.6012492737086863 -0.4003123177612436 -0.400312316362041 0.4003123140234626
