# Matrix 1
1.515716560952054 -0.7578582752171634 0.7578582761738508 0.7578582751707644 -0.7578582761285315
-0.7578582752171634 1.5157165608453016 -0.7578582759389614 1.0539559926294764e-8 -9.754517951291702e-9
0.7578582761738508 -0.7578582759389614 1.5157165624562963 -9.806932989146146e-9 -0.7578582763478242
0.7578582751707644 1.0539559926294764e-8 -9.806932989146146e-9 1.5157165613477157 -0.757858276346694
-0.7578582761285315 -9.754517951291702e-9 -0.7578582763478242 -0.757858276346694 1.5157165621844013

# Matrix 2
1.5157165708980342 -0.7578582826818092 -0.7578582832946177 -0.7578582839888396 0.7578582840480497
-0.7578582826818092 1.5157165705921973 0.7578582833071137 -4.225412255688815e-9 4.146593361263583e-9
-0.7578582832946177 0.7578582833071137 1.5157165553034946 -3.654479413882902e-9 -0.7578582678252197
-0.7578582839888396 -4.225412255688815e-9 -3.654479413882902e-9 1.5157165707067903 -0.7578582844079855
0.7578582840480497 4.146593361263583e-9 -0.7578582678252197 -0.7578582844079855 1.5157165558568646

# Matrix 3
1.5157165571864442 -0.7578582709756106 0.7578582712494121 -0.7578582689858846 -0.7578582695603524
-0.7578582709756106 1.5157165585087715 1.5238047177240617e-8 0.7578582707941286 0.7578582719593017
0.7578582712494121 1.5238047177240617e-8 1.5157165588452137 1.696563603270966e-8 -0.7578582698068991
-0.7578582689858846 0.7578582707941286 1.696563603270966e-8 1.515716556734544 0.7578582693632115
-0.7578582695603524 0.7578582719593017 -0.7578582698068991 0.7578582693632115 1.5157165570280715

# Matrix 4
1.5157165600406706 -0.7578582721059667 -0.75785827318132 -0.7578582717200404 -0.7578582728665877
-0.7578582721059667 1.5157165566378956 0.7578582731855863 0.7578582721098224 -1.1227361845061732e-8
-0.75785827318132 0.7578582731855863 1.5157165568990634 0.7578582731819208 0.7578582730811507
-0.7578582717200404 0.7578582721098224 0.7578582731819208 1.515716560021344 0.7578582728679788
-0.7578582728665877 -1.1227361845061732e-8 0.7578582730811507 0.7578582728679788 1.5157165572605467

# Matrix 5
1.5157165544091844 -0.7578582771230264 -0.7578582687300821 -0.7578582672669266 0.7578582655753427
-0.7578582771230264 1.5157165671268025 0.7578582766972389 -1.1237712709973643e-8 1.4717161303501646e-8
-0.7578582687300821 0.7578582766972389 1.5157165540284054 -1.9185329769091307e-8 -0.7578582656321826
-0.7578582672669266 -1.1237712709973643e-8 -1.9185329769091307e-8 1.5157165555878311 -0.7578582670643762
0.7578582655753427 1.4717161303501646e-8 -0.7578582656321826 -0.7578582670643762 1.5157165565355364

# Matrix 6
1.3195079105525238 0.6597539545091866 0.6597539503960838 7.85617585763263e-9 0.6597539498343008
0.6597539545091866 1.6493848824362498 -0.32987697603567445 0.6597539545715103 0.9896309266810495
0.6597539503960838 -0.32987697603567445 1.6493848809747034 -0.659753952490957 0.32987697834557733
7.85617585763263e-9 0.6597539545715103 -0.659753952490957 1.319507910396187 0.6597539503789394
0.6597539498343008 0.9896309266810495 0.32987697834557733 0.6597539503789394 1.6493848814100398

# Matrix 7
1.319507915749495 0.6597539564821042 -0.6597539555093659 -2.768159465238827e-9 -0.6597539545756257
0.6597539564821042 1.6493848848626098 0.3298769730720196 -0.6597539457341323 -0.9896309282142057
-0.6597539555093659 0.3298769730720196 1.649384884858017 -0.6597539458220649 0.32987698370383167
-2.768159465238827e-9 -0.6597539457341323 -0.6597539458220649 1.3195078930051316 0.659753944299108
-0.6597539545756257 -0.9896309282142057 0.32987698370383167 0.659753944299108 1.649384885559682

# Matrix 8
1.3195079096197304 -0.6597539545075783 -1.0638245654633286e-9 -0.6597539540539678 -7.701415345721378e-10
-0.6597539545075783 1.6493848885833422 -0.6597539549045697 0.9896309311796628 -0.6597539545350508
-1.0638245654633286e-9 -0.6597539549045697 1.3195079106246752 -0.6597539547471248 -9.562261894004493e-10
-0.6597539540539678 0.9896309311796628 -0.6597539547471248 1.6493848881140236 -0.6597539541654673
-7.701415345721378e-10 -0.6597539545350508 -9.562261894004493e-10 -0.6597539541654673 1.3195079096944151

# Matrix 9
1.3195079112680859 0.6597539556334542 -3.4227239947433307e-10 3.81476997849992e-10 0.6597539555193997
0.6597539556334542 1.649384887475826 -0.6597539540787856 -0.6597539545276904 -0.3298769770118802
-3.4227239947433307e-10 -0.6597539540787856 1.3195079112852481 -1.9470408440305094e-9 0.6597539552687409
3.81476997849992e-10 -0.6597539545276904 -1.9470408440305094e-9 1.3195079100867093 0.6597539535548234
0.6597539555193997 -0.3298769770118802 0.6597539552687409 0.6597539535548234 1.6493848873463013

# Matrix 10
1.3195079131636442 0.6597539565803581 -9.231755074035437e-13 0.6597539565812279 0.6597539565814811
0.6597539565803581 1.6493848884776352 -0.6597539525343532 0.989630932088333 0.9896309333244253
-9.231755074035437e-13 -0.6597539525343532 1.3195079050525003 -0.6597539525230484 -0.6597539525491717
0.6597539565812279 0.989630932088333 -0.6597539525230484 1.649384888469333 0.32987697694294793
0.6597539565814811 0.9896309333244253 -0.6597539525491717 0.32987697694294793 1.649384888472939

# Matrix 11
1.6493848889291878 -0.6597539583479439 -0.6597539454562173 0.6597539585338011 0.6597539587909825
-0.6597539583479439 1.319507915009757 -9.981392864736978e-10 -1.3232515930597589e-9 -1.4038161044259174e-9
-0.6597539454562173 -9.981392864736978e-10 1.3195078938892475 9.530835720700234e-10 1.0541544192378353e-9
0.6597539585338011 -1.3232515930597589e-9 9.530835720700234e-10 1.3195079154362848 1.3001732466382012e-9
0.6597539587909825 -1.4038161044259174e-9 1.0541544192378353e-9 1.3001732466382012e-9 1.319507915974597

# Matrix 12
1.6493848878966533 0.6597539587641996 0.32987698197129356 -0.659753954672026 -0.6597539494923307
0.6597539587641996 1.3195079179880815 0.6597539589551766 5.670910068362401e-10 5.593886575535055e-10
0.32987698197129356 0.6597539589551766 1.649384888133536 -0.6597539546821266 0.6597539499061527
-0.659753954672026 5.670910068362401e-10 -0.6597539546821266 1.3195079102464136 3.9392881042576193e-10
-0.6597539494923307 5.593886575535055e-10 0.6597539499061527 3.9392881042576193e-10 1.3195078997066543

# Matrix 13
1.5157165772877377 0.7578582881514822 0.7578582882332742 -0.7578582880976825 -0.7578582879424923
0.7578582881514822 1.515716554464133 0.7578582826495033 -0.7578582734637084 -0.7578582704334891
0.7578582882332742 0.7578582826495033 1.515716570141151 -5.189235556055951e-10 -2.40611282759642e-10
-0.7578582880976825 -0.7578582734637084 -5.189235556055951e-10 1.515716560920315 0.7578582719766489
-0.7578582879424923 -0.7578582704334891 -2.40611282759642e-10 0.7578582719766489 1.5157165594156665

# Matrix 14
1.5157165453115302 -0.7578582629226822 0.7578582646541407 0.7578582554611695 -0.7578582667385909
-0.7578582629226822 1.5157165525669871 -0.7578582688421016 -0.7578582614232325 -1.681591857341018e-8
0.7578582646541407 -0.7578582688421016 1.5157165568560091 0.757858263691735 -0.7578582713379333
0.7578582554611695 -0.7578582614232325 0.757858263691735 1.5157165507457986 2.13665153339322e-8
-0.7578582667385909 -1.681591857341018e-8 -0.7578582713379333 2.13665153339322e-8 1.5157165593132993

# Matrix 15
1.3195079131369618 1.175031031892105e-9 0.6597539564908943 0.6597539555044162 0.6597539551791944
1.175031031892105e-9 1.3195079086614994 -0.6597539528783083 -0.6597539534087494 -0.6597539520307433
0.6597539564908943 -0.6597539528783083 1.6493848860349352 0.32987698176466035 0.32987697365497975
0.6597539555044162 -0.6597539534087494 0.32987698176466035 1.6493848853192679 0.3298769754406439
0.6597539551791944 -0.6597539520307433 0.32987697365497975 0.3298769754406439 1.649384885630531

# Matrix 16
1.3195078943571772 2.7498272677453396e-9 -0.659753947092366 -0.6597539442027803 0.65975394702294
2.7498272677453396e-9 1.3195079150938578 0.6597539547613741 -0.6597539545398774 -0.6597539551111749
-0.659753947092366 0.6597539547613741 1.6493848853185813 -0.329876983255958 -0.3298769741163001
-0.6597539442027803 -0.6597539545398774 -0.329876983255958 1.6493848857904947 0.3298769848628467
0.65975394702294 -0.6597539551111749 -0.3298769741163001 0.3298769848628467 1.649384885276001

# Matrix 17
1.5157165700458417 -0.7578582832685787 -0.7578582822786762 -0.7578582836313295 -0.757858279946089
-0.7578582832685787 1.5157165565969088 0.7578582833668207 0.7578582834461853 1.0002575883658684e-8
-0.7578582822786762 0.7578582833668207 1.515716567171133 0.7578582836445371 0.7578582825348283
-0.7578582836313295 0.7578582834461853 0.7578582836445371 1.5157165724078547 0.7578582839291615
-0.757858279946089 1.0002575883658684e-8 0.7578582825348283 0.7578582839291615 1.5157165539142639

# Matrix 18
1.6493848837818796 0.659753939299725 0.6597539650215117 -0.659753955540489 -0.659753956343878
0.659753939299725 1.3195079044460027 -8.664763174304356e-9 9.833664500789606e-9 1.0559266407345544e-8
0.6597539650215117 -8.664763174304356e-9 1.3195079261822147 -7.824052259358801e-9 -7.064330932372581e-9
-0.659753955540489 9.833664500789606e-9 -7.824052259358801e-9 1.3195079058851757 1.0326763971854154e-8
-0.659753956343878 1.0559266407345544e-8 -7.064330932372581e-9 1.0326763971854154e-8 1.3195079091088378

# Matrix 19
1.6493848885954083 -0.6597539574376811 0.6597539581378815 0.6597539464659619 -0.6597539567853123
-0.6597539574376811 1.31950791409847 -3.906459970646157e-10 2.623568646310726e-10 2.601407828562807e-10
0.6597539581378815 -3.906459970646157e-10 1.3195079171494266 1.0382588006945982e-9 9.819463944595263e-10
0.6597539464659619 2.623568646310726e-10 1.0382588006945982e-9 1.3195078904342328 -6.622985214809559e-10
-0.6597539567853123 2.601407828562807e-10 9.819463944595263e-10 -6.622985214809559e-10 1.3195079146059225

# Matrix 20
1.3195079122508386 0.6597539546038381 -0.6597539517543477 -4.48887587824784e-9 -0.659753952817201
0.6597539546038381 1.6493848908550865 0.3298769807736481 -0.6597539574792705 0.3298769805782425
-0.6597539517543477 0.3298769807736481 1.6493848846830141 -0.6597539482282998 0.32987696777168674
-4.48887587824784e-9 -0.6597539574792705 -0.6597539482282998 1.3195079035046693 -0.659753948757032
-0.659753952817201 0.3298769805782425 0.32987696777168674 -0.659753948757032 1.6493848867929732

# Matrix 21
1.6493848879653759 -0.6597539522350206 -0.6597539575968662 0.6597539548632172 -0.6597539551681304
-0.6597539522350206 1.3195079050854548 -5.511882823574096e-10 2.3495188078455826e-11 4.053192042425218e-10
-0.6597539575968662 -5.511882823574096e-10 1.3195079156783835 -2.7331784983020212e-11 -5.208679756836375e-10
0.6597539548632172 2.3495188078455826e-11 -2.7331784983020212e-11 1.3195079097347353 3.379809092666095e-11
-0.6597539551681304 4.053192042425218e-10 -5.208679756836375e-10 3.379809092666095e-11 1.3195079109260779

# Matrix 22
1.3195079158768304 -0.6597539575107303 -0.6597539578317081 -0.6597539569426021 8.201412689656235e-10
-0.6597539575107303 1.649384887366449 0.32987698502646096 0.9896309305028663 -0.6597539458742192
-0.6597539578317081 0.32987698502646096 1.6493848876169155 -0.3298769720257828 0.6597539455626429
-0.6597539569426021 0.9896309305028663 -0.3298769720257828 1.6493848875881756 -0.6597539454519139
8.201412689656235e-10 -0.6597539458742192 0.6597539455626429 -0.6597539454519139 1.3195078922501475

# Matrix 23
1.515716558225765 -0.7578582725083706 -0.7578582736272339 0.7578582712635374 0.7578582723960994
-0.7578582725083706 1.5157165577054106 0.7578582735001745 -0.7578582724801733 1.1707012149501243e-8
-0.7578582736272339 0.7578582735001745 1.5157165598502005 -0.7578582736304352 -0.7578582735134058
0.7578582712635374 -0.7578582724801733 -0.7578582736304352 1.515716558388138 0.7578582723639207
0.7578582723960994 1.1707012149501243e-8 -0.7578582735134058 0.7578582723639207 1.5157165576022331

# Matrix 24
1.6493848877560835 0.6597539555194533 0.6597539558259641 0.6597539545242891 -0.6597539544959745
0.6597539555194533 1.3195079104457819 8.43064731929002e-10 -6.794680923212463e-10 3.923496805803376e-10
0.6597539558259641 8.43064731929002e-10 1.3195079109292271 -1.1119278032176189e-9 9.101003010974613e-10
0.6597539545242891 -6.794680923212463e-10 -1.1119278032176189e-9 1.3195079118439155 -7.317148614891077e-10
-0.6597539544959745 3.923496805803376e-10 9.101003010974613e-10 -7.317148614891077e-10 1.3195079104515721

# Matrix 25
1.3195079093935744 -0.6597539524099669 -0.659753952075012 -0.6597539517963712 -4.862232456679446e-9
-0.6597539524099669 1.6493848837668235 -0.3298769775351588 0.9896309288885362 -0.6597539517484146
-0.659753952075012 -0.3298769775351588 1.6493848828330187 0.32987697743360517 0.6597539509525785
-0.6597539517963712 0.9896309288885362 0.32987697743360517 1.6493848839095104 -0.6597539524563214
-4.862232456679446e-9 -0.6597539517484146 0.6597539509525785 -0.6597539524563214 1.3195079087804875

# Matrix 26
1.6493848723209454 -0.6597539547231295 0.6597539438493092 0.6597539544295479 -0.6597539467220369
-0.6597539547231295 1.319507909856696 5.07106657307618e-9 -4.21041685693858e-9 5.115333792182407e-9
0.6597539438493092 5.07106657307618e-9 1.3195079091907491 -1.5113815362262197e-8 1.863483294783769e-8
0.6597539544295479 -4.21041685693858e-9 -1.5113815362262197e-8 1.3195079178945912 -1.6301821856345984e-8
-0.6597539467220369 5.115333792182407e-9 1.863483294783769e-8 -1.6301821856345984e-8 1.3195079079884986

# Matrix 27
1.6493848869649237 0.6597539585380311 0.6597539543364043 0.6597539471535387 0.6597539549159986
0.6597539585380311 1.3195079193821924 -1.8090372852490564e-9 1.8693819058256583e-9 -6.234273603291447e-10
0.6597539543364043 -1.8090372852490564e-9 1.3195079094636457 -1.4299681762153692e-9 5.583389072643524e-10
0.6597539471535387 1.8693819058256583e-9 -1.4299681762153692e-9 1.319507896234338 -5.123440046204289e-10
0.6597539549159986 -6.234273603291447e-10 5.583389072643524e-10 -5.123440046204289e-10 1.3195079097572135

# Matrix 28
1.5157165732572273 -6.968913639547831e-10 0.757858285656512 -0.7578582856803049 -0.7578582856366453
-6.968913639547831e-10 1.5157165709510871 -0.7578582851566249 0.7578582848959503 -1.3635778259815177e-9
0.757858285656512 -0.7578582851566249 1.5157165708257165 -0.7578582840782515 -0.7578582842421818
-0.7578582856803049 0.7578582848959503 -0.7578582840782515 1.5157165705256348 0.757858284198421
-0.7578582856366453 -1.3635778259815177e-9 -0.7578582842421818 0.757858284198421 1.515716556124563

# Matrix 29
1.3195079126320488 0.659753955505008 0.6597539556225428 -7.028285047074321e-9 -0.6597539479463596
0.659753955505008 1.6493848800271877 0.32987697626316015 -0.6597539518877067 0.32987697649535375
0.6597539556225428 0.32987697626316015 1.6493848801242548 -0.6597539519769061 0.32987697642883973
-7.028285047074321e-9 -0.6597539518877067 -0.6597539519769061 1.3195079032596109 -0.6597539517722714
-0.6597539479463596 0.32987697649535375 0.32987697642883973 -0.6597539517722714 1.6493848799022666

# Matrix 30
1.3195079113725539 0.6597539550702763 -2.3391819672666496e-9 -0.6597539531889454 2.2302117125987317e-9
0.6597539550702763 1.6493848915279006 0.6597539558186141 -0.9896309327195308 -0.659753955579602
-2.3391819672666496e-9 0.6597539558186141 1.3195079101113607 -0.6597539522761096 2.338631819447366e-9
-0.6597539531889454 -0.9896309327195308 -0.6597539522761096 1.6493848850840493 0.6597539523329345
2.2302117125987317e-9 -0.659753955579602 2.338631819447366e-9 0.6597539523329345 1.3195079100108789

# Matrix 31
1.6493848881268223 -0.6597539592186805 0.6597539548638109 0.6597539579890157 -0.6597539467681202
-0.6597539592186805 1.3195079189092336 -7.632775117715767e-11 -2.493930936815075e-10 -3.9197287481483043e-10
0.6597539548638109 -7.632775117715767e-11 1.3195079097325264 2.7367553625327835e-11 5.021752964526025e-11
0.6597539579890157 -2.493930936815075e-10 2.7367553625327835e-11 1.3195079162156942 2.4573729784312623e-10
-0.6597539467681202 -3.9197287481483043e-10 5.021752964526025e-11 2.4573729784312623e-10 1.319507893835231

# Matrix 32
1.3195079246367443 -3.7454712469154674e-11 0.6597539623113718 -0.6597539623140976 -0.659753962307235
-3.7454712469154674e-11 1.3195078984815625 0.65975394920531 -0.6597539492027129 -0.6597539492194079
0.6597539623113718 0.65975394920531 1.6493848884332447 -0.32987698059534865 -0.32987697703829005
-0.6597539623140976 -0.6597539492027129 -0.32987698059534865 1.6493848884365756 0.32987697698932383
-0.659753962307235 -0.6597539492194079 -0.32987697703829005 0.32987697698932383 1.649384888435474

# Matrix 33
1.5157165841058402 0.7578582919645092 -0.7578582910595422 -0.7578582917524257 -0.7578582915049821
0.7578582919645092 1.5157165626359133 -0.7578582906578782 -0.7578582703224257 -0.7578582731499746
-0.7578582910595422 -0.7578582906578782 1.5157165795666088 2.2554863728277622e-9 1.998016728271131e-9
-0.7578582917524257 -0.7578582703224257 2.2554863728277622e-9 1.5157165574915732 0.7578582701487052
-0.7578582915049821 -0.7578582731499746 1.998016728271131e-9 0.7578582701487052 1.5157165499691512

# Matrix 34
1.5157165485907864 0.7578582713238853 -0.7578582644001348 0.757858274070727 -0.7578582742940562
0.7578582713238853 1.5157165551466243 -0.7578582691151116 -6.263536814075201e-9 -0.7578582752150802
-0.7578582644001348 -0.7578582691151116 1.5157165532071297 9.42076900006764e-9 -7.369075043091019e-9
0.757858274070727 -6.263536814075201e-9 9.42076900006764e-9 1.5157165718242844 -0.7578582786367969
-0.7578582742940562 -0.7578582752150802 -7.369075043091019e-9 -0.7578582786367969 1.5157165576478326

# Matrix 35
1.5157165642281953 8.133610196683148e-9 0.7578582780588026 -0.7578582776621318 0.757858277300475
8.133610196683148e-9 1.5157165586775214 -0.7578582727882809 -1.3547938735958984e-8 -0.7578582714978934
0.7578582780588026 -0.7578582727882809 1.515716558817229 -0.7578582731513468 0.757858272031549
-0.7578582776621318 -1.3547938735958984e-8 -0.7578582731513468 1.5157165609423668 -0.7578582706064884
0.757858277300475 -0.7578582714978934 0.757858272031549 -0.7578582706064884 1.515716556359315

# Matrix 36
1.5157165607335334 -0.7578582731472775 -0.7578582732583956 0.7578582733760012 0.7578582754522162
-0.7578582731472775 1.515716557105729 -1.3980294619350868e-8 -0.7578582701485752 -0.7578582720560907
-0.7578582732583956 -1.3980294619350868e-8 1.5157165611207537 -0.757858273216047 1.298567421699247e-8
0.7578582733760012 -0.7578582701485752 -0.757858273216047 1.5157165574138978 0.7578582723997281
0.7578582754522162 -0.7578582720560907 1.298567421699247e-8 0.7578582723997281 1.5157165612224648

# Matrix 37
1.5157165719681647 0.7578582825867333 -0.7578582821742837 0.7578582811624165 -0.757858281758949
0.7578582825867333 1.5157165694811734 -0.7578582799160225 0.757858278941934 7.286945702074156e-9
-0.7578582821742837 -0.7578582799160225 1.515716548661312 -0.7578582590871119 0.7578582639990733
0.7578582811624165 0.757858278941934 -0.7578582590871119 1.5157165521423528 -0.7578582631162637
-0.757858281758949 7.286945702074156e-9 0.7578582639990733 -0.7578582631162637 1.515716554321675

# Matrix 38
1.6493848857402822 -0.6597539448576937 -0.3298769739728323 0.6597539568328329 -0.6597539557609179
-0.6597539448576937 1.319507889801771 0.6597539450714793 -1.8379471768433389e-9 -2.9881170605338106e-9
-0.3298769739728323 0.6597539450714793 1.6493848859550468 0.6597539549781644 0.6597539554681344
0.6597539568328329 -1.8379471768433389e-9 0.6597539549781644 1.319507913530759 2.42642565782158e-9
-0.6597539557609179 -2.9881170605338106e-9 0.6597539554681344 2.42642565782158e-9 1.3195079178617166

# Matrix 39
1.6493848829444184 -0.6597539459580148 0.329876975727451 0.6597539557856907 -0.659753956790729
-0.6597539459580148 1.319507898336639 -0.6597539464687441 4.594858588932662e-9 -1.3688672952613397e-9
0.329876975727451 -0.6597539464687441 1.6493848838452003 -0.6597539527403801 -0.6597539568509839
0.6597539557856907 4.594858588932662e-9 -0.6597539527403801 1.3195079146740287 -1.9689648517890975e-9
-0.659753956790729 -1.3688672952613397e-9 -0.6597539568509839 -1.9689648517890975e-9 1.3195079130953593

# Matrix 40
1.515716549027013 0.7578582621334049 -0.7578582652071184 -0.7578582668421154 0.7578582685019652
0.7578582621334049 1.515716549331586 -0.7578582667567583 2.0979380320842684e-8 -1.878834447093536e-8
-0.7578582652071184 -0.7578582667567583 1.5157165528264755 -1.807934316597996e-8 -0.757858267477558
-0.7578582668421154 2.0979380320842684e-8 -1.807934316597996e-8 1.5157165671127628 -0.7578582714967579
0.7578582685019652 -1.878834447093536e-8 -0.757858267477558 -0.7578582714967579 1.515716555745911

# Matrix 41
1.3195079124754276 1.3783014069324534e-10 -8.5269351907169e-10 -0.6597539558717876 0.6597539555650678
1.3783014069324534e-10 1.3195079123730997 -1.7862575470797117e-10 -0.6597539561630164 0.6597539560771111
-8.5269351907169e-10 -1.7862575470797117e-10 1.319507906722113 -0.6597539525137631 -0.659753952516732
-0.6597539558717876 -0.6597539561630164 -0.6597539525137631 1.64938488651384 -0.32987697891900297
0.6597539555650678 0.6597539560771111 -0.659753952516732 -0.32987697891900297 1.649384887417403

# Matrix 42
1.3195079102696092 -4.2107667529052954e-9 -0.6597539512174185 -0.6597539447278222 0.6597539484845639
-4.2107667529052954e-9 1.3195079153174676 -0.6597539537592829 -0.6597539491399697 0.6597539517504432
-0.6597539512174185 -0.6597539537592829 1.649384885741148 0.989630920613483 -0.32987696881272266
-0.6597539447278222 -0.6597539491399697 0.989630920613483 1.6493848651124197 -0.9896309169335138
0.6597539484845639 0.6597539517504432 -0.32987696881272266 -0.9896309169335138 1.649384878648341

# Matrix 43
1.515716553389986 0.7578582656490194 -0.7578582592078545 0.7578582698773025 0.7578582631216843
0.7578582656490194 1.5157165534987398 2.8363123448012048e-8 0.7578582701626516 0.757858263102023
-0.7578582592078545 2.8363123448012048e-8 1.5157165428872121 2.0758776531041925e-8 -0.7578582526396979
0.7578582698773025 0.7578582701626516 2.0758776531041925e-8 1.5157165630153207 -2.3368778211430724e-8
0.7578582631216843 0.757858263102023 -0.7578582526396979 -2.3368778211430724e-8 1.5157165515362803

# Matrix 44
1.6493848911243403 0.6597539509065831 -0.6597539629422484 0.6597539530081962 -0.6597539526115002
0.6597539509065831 1.3195079029087704 4.173167434007939e-10 -7.240302511525448e-10 -5.786981561296044e-10
-0.6597539629422484 4.173167434007939e-10 1.3195079207234963 -3.820862772396284e-9 -1.1613781158041117e-9
0.6597539530081962 -7.240302511525448e-10 -3.820862772396284e-9 1.319507900852048 1.7380306229470523e-9
-0.6597539526115002 -5.786981561296044e-10 -1.1613781158041117e-9 1.7380306229470523e-9 1.3195079087774908

# Matrix 45
1.6493848901251595 -0.6597539456576884 0.659753958579465 -0.6597539587614146 0.659753957576843
-0.6597539456576884 1.3195078976210515 1.7932731459400366e-9 -1.6667803044853188e-9 9.240349675077832e-10
0.659753958579465 1.7932731459400366e-9 1.3195079134930348 -2.059550794716128e-9 1.15047162407165e-9
-0.6597539587614146 -1.6667803044853188e-9 -2.059550794716128e-9 1.3195079140967603 -1.0183766397560484e-9
0.659753957576843 9.240349675077832e-10 1.15047162407165e-9 -1.0183766397560484e-9 1.319507912777581

# Matrix 46
1.5157165564104869 0.7578582689652761 0.7578582692042891 0.7578582777746403 -0.7578582778320645
0.7578582689652761 1.515716556543657 0.7578582693291225 0.7578582777599806 9.633744065127981e-9
0.7578582692042891 0.7578582693291225 1.5157165567663116 0.7578582777392814 -0.7578582777946069
0.7578582777746403 0.7578582777599806 0.7578582777392814 1.5157165648725142 -0.7578582774862628
-0.7578582778320645 9.633744065127981e-9 -0.7578582777946069 -0.7578582774862628 1.515716564932033

# Matrix 47
1.5157165763906375 0.7578582836429738 -0.7578582798314825 0.757858285361454 -0.7578582813568141
0.7578582836429738 1.5157165694296615 -0.7578582837901943 -2.941858166034659e-9 2.566954936859077e-9
-0.7578582798314825 -0.7578582837901943 1.5157165744631123 1.5841227794040256e-8 0.757858279038161
0.757858285361454 -2.941858166034659e-9 1.5841227794040256e-8 1.5157165529669163 -0.7578582510009629
-0.7578582813568141 2.566954936859077e-9 0.757858279038161 -0.7578582510009629 1.5157165413339109

# Matrix 48
1.5157165543923803 -1.27254927180353e-8 0.7578582749280081 -0.7578582713575694 0.7578582746569692
-1.27254927180353e-8 1.5157165634999745 -0.7578582878249394 2.9179267592882505e-9 -0.7578582873603875
0.7578582749280081 -0.7578582878249394 1.5157165630963905 -0.757858274744068 0.7578582744778597
-0.7578582713575694 2.9179267592882505e-9 -0.757858274744068 1.5157165595928908 -0.7578582746802297
0.7578582746569692 -0.7578582873603875 0.7578582744778597 -0.7578582746802297 1.5157165623601472

# Matrix 49
1.5157165734388054 1.4201688237431056e-11 0.7578582855431284 -2.4288833472430835e-13 0.7578582855560645
1.4201688237431056e-11 1.5157165545459306 -0.7578582737085756 0.7578582737032831 0.757858273717655
0.7578582855431284 -0.7578582737085756 1.5157165592533721 -0.7578582737060372 1.1836940778250047e-8
-2.4288833472430835e-13 0.7578582737032831 -0.7578582737060372 1.5157165620029267 0.7578582737051504
0.7578582855560645 0.757858273717655 1.1836940778250047e-8 0.7578582737051504 1.515716559261359

# Matrix 50
1.649384888043123 -0.6597539577438645 -0.6597539501591039 -0.6597539555519172 -0.6597539558147237
-0.6597539577438645 1.3195079152461204 7.323531124701118e-10 -8.192152645437253e-10 -3.976726326847626e-10
-0.6597539501591039 7.323531124701118e-10 1.3195078999881007 -6.889240918938134e-10 -3.419600773620477e-10
-0.6597539555519172 -8.192152645437253e-10 -6.889240918938134e-10 1.3195079129465936 4.0133173362353395e-10
-0.6597539558147237 -3.976726326847626e-10 -3.419600773620477e-10 4.0133173362353395e-10 1.3195079123184807

# Matrix 51
1.5157165852639387 -0.757858291899555 -0.7578582896115863 0.7578582891036206 -0.7578582895065501
-0.757858291899555 1.5157165628331954 -3.895918181791542e-9 -0.7578582682056986 0.7578582672684655
-0.7578582896115863 -3.895918181791542e-9 1.5157165855761858 7.776163026722062e-9 0.7578582891905865
0.7578582891036206 -0.7578582682056986 7.776163026722062e-9 1.515716543215912 -0.7578582460375862
-0.7578582895065501 0.7578582672684655 0.7578582891905865 -0.7578582460375862 1.5157165408864208

# Matrix 52
1.515716566974913 0.7578582747356947 -0.7578582834597685 0.7578582774262592 0.7578582819449896
0.7578582747356947 1.515716545606596 -2.6034398529268237e-9 -1.1556067514222101e-8 0.757858265464862
-0.7578582834597685 -2.6034398529268237e-9 1.515716564116635 -0.7578582808959085 -0.7578582836171182
0.7578582774262592 -1.1556067514222101e-8 -0.7578582808959085 1.5157165716480745 -9.019793564126412e-9
0.7578582819449896 0.757858265464862 -0.7578582836171182 -9.019793564126412e-9 1.5157165585792196

# Matrix 53
1.3195079027633967 1.3195107330302604e-9 0.6597539504973811 -0.6597539459436881 0.6597539506891122
1.3195107330302604e-9 1.3195079105489562 -0.6597539546139195 -0.6597539543772837 -0.6597539545632718
0.6597539504973811 -0.6597539546139195 1.6493848849663308 0.3298769816105761 0.9896309297638521
-0.6597539459436881 -0.6597539543772837 0.3298769816105761 1.649384883852474 -0.3298769735578568
0.6597539506891122 -0.6597539545632718 0.9896309297638521 -0.3298769735578568 1.6493848851149875

# Matrix 54
1.3195079310014226 4.3184380438325054e-10 0.659753964812351 -0.6597539648009006 0.6597539652049952
4.3184380438325054e-10 1.319507905574291 0.6597539525119169 -0.6597539520785114 -0.6597539520483495
0.659753964812351 0.6597539525119169 1.6493848859159854 -0.3298769823703015 0.32987698279825173
-0.6597539648009006 -0.6597539520785114 -0.3298769823703015 1.649384886485661 -0.32987698128846066
0.6597539652049952 -0.6597539520483495 0.32987698279825173 -0.32987698128846066 1.649384886555959

# Matrix 55
1.319507894717257 4.174832955128608e-9 0.6597539426899992 0.6597539313283048 0.6597539358202601
4.174832955128608e-9 1.3195079137940566 -0.6597539538153184 -0.6597539486037074 -0.6597539505597897
0.6597539426899992 -0.6597539538153184 1.649384890291886 0.9896309141144122 0.329876961093164
0.6597539313283048 -0.6597539486037074 0.9896309141144122 1.6493848530143633 0.989630905697541
0.6597539358202601 -0.6597539505597897 0.329876961093164 0.989630905697541 1.6493848708936623

# Matrix 56
1.3195078992302804 1.1883099270603884e-9 -0.6597539494157507 -0.6597539493824837 0.6597539490674917
1.1883099270603884e-9 1.3195079203396203 0.6597539594961859 -0.6597539601503153 -0.6597539591427061
-0.6597539494157507 0.6597539594961859 1.649384887683403 0.3298769669458161 -0.3298769741933044
-0.6597539493824837 -0.6597539601503153 0.3298769669458161 1.6493848876405592 -0.3298769752548414
0.6597539490674917 -0.6597539591427061 -0.3298769741933044 -0.3298769752548414 1.6493848869560723

# Matrix 57
1.5157165656381275 -0.7578582824568987 0.7578582773934559 -0.7578582737851344 0.7578582733423523
-0.7578582824568987 1.5157165757070923 9.137127923636769e-9 0.7578582835236662 8.44103074537938e-9
0.7578582773934559 9.137127923636769e-9 1.515716551317301 -0.7578582641211725 0.7578582639483245
-0.7578582737851344 0.7578582835236662 -0.7578582641211725 1.5157165525276413 -0.7578582606281363
0.7578582733423523 8.44103074537938e-9 0.7578582639483245 -0.7578582606281363 1.5157165527591738

# Matrix 58
1.515716571399974 0.7578582806383295 0.757858280910173 0.7578582806582734 0.7578582827686843
0.7578582806383295 1.515716559505163 0.7578582777509013 -1.0028698476525206e-8 -8.894034560345295e-9
0.757858280910173 0.7578582777509013 1.5157165611545114 0.7578582742547337 -8.657837435567398e-9
0.7578582806582734 -1.0028698476525206e-8 0.7578582742547337 1.5157165611660606 0.7578582785771913
0.7578582827686843 -8.894034560345295e-9 -8.657837435567398e-9 0.7578582785771913 1.5157165702081163

# Matrix 59
1.6493848880446282 0.6597539578388704 -0.6597539609029174 -0.6597539458201083 -0.6597539546177298
0.6597539578388704 1.3195079148890718 -8.292806895725669e-10 6.461967869441578e-10 -7.603155449779088e-10
-0.6597539609029174 -8.292806895725669e-10 1.3195079211551972 -1.80233570208235e-9 2.0292395157385303e-9
-0.6597539458201083 6.461967869441578e-10 -1.80233570208235e-9 1.3195078951602282 -1.392882680960753e-9
-0.6597539546177298 -7.603155449779088e-10 2.0292395157385303e-9 -1.392882680960753e-9 1.3195079082203134

# Matrix 60
1.5157165553639387 0.7578582668904772 0.7578582665396414 0.7578582696169421 -0.7578582692057183
0.7578582668904772 1.5157165518226703 0.7578582673625874 -1.5120930391722564e-8 1.7191534447510184e-8
0.7578582665396414 0.7578582673625874 1.5157165555143033 0.7578582703505262 -0.7578582699867289
0.7578582696169421 -1.5120930391722564e-8 0.7578582703505262 1.5157165594781006 -0.7578582723391472
-0.7578582692057183 1.7191534447510184e-8 -0.7578582699867289 -0.7578582723391472 1.5157165580039111

# Matrix 61
1.6493848877745658 -0.6597539475227743 -0.32987697351919565 -0.6597539556133422 0.6597539561983552
-0.6597539475227743 1.3195078964583373 0.6597539478497277 5.505406079982795e-10 2.7590807520137333e-10
-0.32987697351919565 0.6597539478497277 1.6493848877153414 -0.6597539560127642 -0.6597539560837783
-0.6597539556133422 5.505406079982795e-10 -0.6597539560127642 1.3195079123354332 2.3550386543829816e-10
0.6597539561983552 2.7590807520137333e-10 -0.6597539560837783 2.3550386543829816e-10 1.3195079122052078

# Matrix 62
1.6493848886345153 0.6597539610692733 -0.659753945826555 -0.6597539596948755 -0.6597539550599028
0.6597539610692733 1.3195079217983854 2.45923362097628e-10 -2.3022878530532548e-10 -2.2552066064167852e-10
-0.659753945826555 2.45923362097628e-10 1.3195078914250935 2.3148736216990048e-10 1.5034097975266027e-10
-0.6597539596948755 -2.3022878530532548e-10 2.3148736216990048e-10 1.3195079192993537 -2.35055536670569e-10
-0.6597539550599028 -2.2552066064167852e-10 1.5034097975266027e-10 -2.35055536670569e-10 1.3195079100849867

# Matrix 63
1.5157165614371526 0.7578582765557809 0.7578582716373534 -0.7578582756355069 -0.7578582798841146
0.7578582765557809 1.515716551401019 0.7578582669824871 1.1050164758332253e-8 -0.7578582719248417
0.7578582716373534 0.7578582669824871 1.5157165558142371 1.1093929359227064e-8 9.320934197288552e-9
-0.7578582756355069 1.1050164758332253e-8 1.1093929359227064e-8 1.515716569325457 0.7578582787602558
-0.7578582798841146 -0.7578582719248417 9.320934197288552e-9 0.7578582787602558 1.5157165596659998

# Matrix 64
1.6493848870423053 0.6597539577779508 -0.6597539511200753 0.6597539574132997 0.6597539508971038
0.6597539577779508 1.3195079163394152 1.1768511347090774e-9 9.54377799449876e-10 -1.1752402699259247e-9
-0.6597539511200753 1.1768511347090774e-9 1.3195079044470577 1.060855102133289e-9 -6.077635059635701e-10
0.6597539574132997 9.54377799449876e-10 1.060855102133289e-9 1.3195079153948075 -1.0556999577103254e-9
0.6597539508971038 -1.1752402699259247e-9 -6.077635059635701e-10 -1.0556999577103254e-9 1.3195079039897084

# Matrix 65
1.3195079140403743 -0.6597539561592137 7.697855909647758e-10 -0.6597539569596456 -0.6597539568666277
-0.6597539561592137 1.6493848874116532 0.6597539491774927 -0.3298769753088543 -0.32987697349630535
7.697855909647758e-10 0.6597539491774927 1.3195078979624277 -0.6597539488369569 -0.6597539486570906
-0.6597539569596456 -0.3298769753088543 -0.6597539488369569 1.6493848870454169 0.32987697507989683
-0.6597539568666277 -0.32987697349630535 -0.6597539486570906 0.32987697507989683 1.6493848868524883

# Matrix 66
1.5157165551785778 -0.7578582705368099 -0.757858273374011 -0.7578582738911628 0.7578582734623602
-0.7578582705368099 1.5157165561581332 0.7578582733184942 -1.1775441653203549e-8 -0.7578582734051615
-0.757858273374011 0.7578582733184942 1.5157165612844936 0.7578582734192165 -0.7578582735245859
-0.7578582738911628 -1.1775441653203549e-8 0.7578582734192165 1.515716558833313 -0.7578582734266893
0.7578582734623602 -0.7578582734051615 -0.7578582735245859 -0.7578582734266893 1.515716561734312

# Matrix 67
1.649384873277842 0.659753957528186 0.659753944159531 -0.6597539401651401 0.6597539510264544
0.659753957528186 1.3195079139278558 -8.64048723020325e-9 8.29271756499562e-9 8.324899389926296e-9
0.659753944159531 -8.64048723020325e-9 1.3195079155215934 -1.588522941816933e-8 -1.597033584453773e-8
-0.6597539401651401 8.29271756499562e-9 -1.588522941816933e-8 1.319507903507236 1.3057388664565646e-8
0.6597539510264544 8.324899389926296e-9 -1.597033584453773e-8 1.3057388664565646e-8 1.3195079049292908

# Matrix 68
1.6493848851163866 0.6597539515019311 0.6597539535256838 -0.6597539626429492 0.6597539521551631
0.6597539515019311 1.3195079057844465 -1.3011630537953365e-9 1.3250979548898193e-9 -2.2945626980224974e-9
0.6597539535256838 -1.3011630537953365e-9 1.319507905170007 -2.9041081858986357e-9 4.9519319312589346e-9
-0.6597539626429492 1.3250979548898193e-9 -2.9041081858986357e-9 1.3195079231633173 -5.1397684629664935e-9
0.6597539521551631 -2.2945626980224974e-9 4.9519319312589346e-9 -5.1397684629664935e-9 1.3195079041581612

# Matrix 69
1.3195079124469316 7.369214378115921e-10 0.6597539560531797 -0.659753955995337 -0.6597539562114325
7.369214378115921e-10 1.3195079137041426 -0.6597539562752455 0.6597539563327367 0.6597539561176752
0.6597539560531797 -0.6597539562752455 1.649384888013288 -0.9896309301478218 -0.32987697243409164
-0.659753955995337 0.6597539563327367 -0.9896309301478218 1.649384887980006 0.9896309302507288
-0.6597539562114325 0.6597539561176752 -0.32987697243409164 0.9896309302507288 1.649384888146781

# Matrix 70
1.3195079115242656 -0.659753954692959 3.901216567094023e-9 -0.659753953739659 -4.291302812670666e-9
-0.659753954692959 1.649384882813752 0.6597539462085027 0.9896309272754351 0.6597539501453087
3.901216567094023e-9 0.6597539462085027 1.3195078980027648 0.6597539483168168 -7.946652516316124e-9
-0.659753953739659 0.9896309272754351 0.6597539483168168 1.6493848835985339 0.6597539478538008
-4.291302812670666e-9 0.6597539501453087 -7.946652516316124e-9 0.6597539478538008 1.3195079095065325

# Matrix 71
1.6493848832056097 0.659753950340601 0.32987697748361916 0.6597539578167602 -0.6597539510574556
0.659753950340601 1.3195079027201708 0.6597539520939811 4.1036729577642885e-9 -3.670334150138139e-9
0.32987697748361916 0.6597539520939811 1.6493848850391635 0.6597539568170535 0.6597539476736108
0.6597539578167602 4.1036729577642885e-9 0.6597539568170535 1.3195079137757915 -4.042020128679185e-9
-0.6597539510574556 -3.670334150138139e-9 0.6597539476736108 -4.042020128679185e-9 1.31950790388729

# Matrix 72
1.515716552800883 0.7578582632582453 -0.7578582750664458 0.7578582610372914 -0.757858274330288
0.7578582632582453 1.5157165491902787 -0.7578582756453606 0.757858261262378 -0.7578582696549074
-0.7578582750664458 -0.7578582756453606 1.515716566965175 -0.7578582741876146 -4.69895774526248e-9
0.7578582610372914 0.757858261262378 -0.7578582741876146 1.51571655045602 1.735050488851237e-8
-0.757858274330288 -0.7578582696549074 -4.69895774526248e-9 1.735050488851237e-8 1.515716560620366

# Matrix 73
1.515716559772912 0.7578582723215731 -0.7578582723965294 0.7578582724017577 0.7578582724471982
0.7578582723215731 1.5157165534983212 -0.7578582724127917 0.7578582729051999 -8.306918677941116e-9
-0.7578582723965294 -0.7578582724127917 1.5157165586806691 -0.7578582724783423 -0.7578582724413245
0.7578582724017577 0.7578582729051999 -0.7578582724783423 1.5157165619085315 0.757858272400621
0.7578582724471982 -8.306918677941116e-9 -0.7578582724413245 0.757858272400621 1.515716553144054

# Matrix 74
1.3195079050049978 -0.6597539506734973 0.6597539488642226 -3.872699872914125e-9 0.6597539511900522
-0.6597539506734973 1.6493848835416463 0.3298769768714759 0.6597539507225944 -0.9896309287710235
0.6597539488642226 0.3298769768714759 1.649384885966213 0.6597539522617004 0.329876978080912
-3.872699872914125e-9 0.6597539507225944 0.6597539522617004 1.3195079050637084 -0.6597539512430308
0.6597539511900522 -0.9896309287710235 0.329876978080912 -0.6597539512430308 1.649384884121533

# Matrix 75
1.5157165552147405 5.316691034300097e-9 -0.7578582693792383 -2.5643604735598488e-8 0.7578582690568004
5.316691034300097e-9 1.5157165613420631 0.7578582755273559 -0.7578582757994736 -0.7578582749330914
-0.7578582693792383 0.7578582755273559 1.5157165549732143 -0.757858260558175 -0.7578582612880446
-2.5643604735598488e-8 -0.7578582757994736 -0.757858260558175 1.5157165553019427 0.7578582610668061
0.7578582690568004 -0.7578582749330914 -0.7578582612880446 0.7578582610668061 1.5157165535622448

# Matrix 76
1.5157165420741587 -0.7578582615170467 0.7578582584941501 -0.7578582668087049 0.757858261768034
-0.7578582615170467 1.5157165538118214 -0.7578582629372886 0.7578582708565478 -0.7578582691584229
0.7578582584941501 -0.7578582629372886 1.515716554544025 -0.7578582688605117 -2.168956190874268e-8
-0.7578582668087049 0.7578582708565478 -0.7578582688605117 1.5157165595294626 1.39084087014417e-8
0.757858261768034 -0.7578582691584229 -2.168956190874268e-8 1.39084087014417e-8 1.5157165541366857

# Matrix 77
1.3195079212970797 -1.374897116003987e-9 0.659753960380611 -0.6597539604048275 -0.6597539601191402
-1.374897116003987e-9 1.319507923427221 -0.6597539614126267 -0.6597539605615041 0.6597539611528016
0.659753960380611 -0.6597539614126267 1.6493848865465015 -0.3298769748286497 -0.3298769840345403
-0.6597539604048275 -0.6597539605615041 -0.3298769748286497 1.649384886796541 0.3298769746928521
-0.6597539601191402 0.6597539611528016 -0.3298769840345403 0.3298769746928521 1.6493848863033522

# Matrix 78
1.5157165540422106 0.7578582737713734 0.757858271813559 0.7578582620274551 0.7578582707872269
0.7578582737713734 1.5157165627515634 -9.483731570488472e-9 0.7578582709988992 0.7578582763243432
0.757858271813559 -9.483731570488472e-9 1.5157165608288479 -1.8808816595517016e-8 0.7578582742708699
0.7578582620274551 0.7578582709988992 -1.8808816595517016e-8 1.5157165521012235 0.7578582676176564
0.7578582707872269 0.7578582763243432 0.7578582742708699 0.7578582676176564 1.5157165596806332

# Matrix 79
1.319507908460259 -0.6597539475005116 0.6597539535795237 0.6597539531168228 0.6597539539060019
