# Matrix 1
2.0000002126929206 1.0000000927490882 1.0000000932834527 -1.0000000394202795 1.000000093027845 1.0000000887045952 -1.0000000996358536 1.0000000374400275
1.0000000927490882 2.0000001562303016 -5.544241754230736e-8 -0.9999998950900848 1.0000000161868163 1.0000000024157305 -3.4114859497098752e-9 -1.8638394026849243e-7
1.0000000932834527 -5.544241754230736e-8 2.0000001692248994 -1.0000000304417473 2.234644539786247e-8 1.0000000641522946 -8.094218073398994e-8 1.0000001343805809
-1.0000000394202795 -0.9999998950900848 -1.0000000304417473 1.999999744727565 -0.9999998111490914 -0.9999998279864206 -1.1472979942238294e-7 -0.9999995870948116
1.000000093027845 1.0000000161868163 2.234644539786247e-8 -0.9999998111490914 1.9999999719219408 0.9999999663467489 -0.9999999044839917 0.9999996111437286
1.0000000887045952 1.0000000024157305 1.0000000641522946 -0.9999998279864206 0.9999999663467489 2.000000106398816 3.740913698559928e-8 0.9999998352651625
-1.0000000996358536 -3.4114859497098752e-9 -8.094218073398994e-8 -1.1472979942238294e-7 -0.9999999044839917 3.740913698559928e-8 1.999999944773187 -0.9999996902035981
1.0000000374400275 -1.8638394026849243e-7 1.0000001343805809 -0.9999995870948116 0.9999996111437286 0.9999998352651625 -0.9999996902035981 1.9999993099746134

# Matrix 2
2.0000036741862277 1.0000018064308143 1.0000018305622034 1.000001812710543 -1.000001818591366 1.0000018158254251 -1.0000018295227373 1.0000018091384741
1.0000018064308143 2.000002107887163 3.419601711958389e-7 1.0000022117714675 -1.0000030404059974 1.0000014615355717 -1.0000006112171347 1.000001448308957
1.0000018305622034 3.419601711958389e-7 2.000002884208588 1.000001035961546 -2.0053222766265185e-8 1.173961054997448e-6 -1.0000006057789532 1.572919170182123e-6
1.000001812710543 1.0000022117714675 1.000001035961546 2.0000020171180544 -1.0000018024721087 1.9799879980626465e-6 -0.9999997640355368 3.3099912604498098e-6
-1.000001818591366 -1.0000030404059974 -2.0053222766265185e-8 -1.0000018024721087 2.000002006894285 -1.0000009806637853 2.4228081234329624e-6 -1.000000658046168
1.0000018158254251 1.0000014615355717 1.173961054997448e-6 1.9799879980626465e-6 -1.0000009806637853 2.0000000506237723 -4.0570244497744206e-6 0.9999965439028041
-1.0000018295227373 -1.0000006112171347 -1.0000006057789532 -0.9999997640355368 2.4228081234329624e-6 -4.0570244497744206e-6 1.9999967547249002 -6.5408351122182105e-6
1.0000018091384741 1.000001448308957 1.572919170182123e-6 3.3099912604498098e-6 -1.000000658046168 0.9999965439028041 -6.5408351122182105e-6 1.9999949556793508

# Matrix 3
2.0000013624349915 1.0000006709893479 1.0000006810572266 1.000000661729491 -1.0000006735012412 -1.0000006358915166 -1.000000659690029 -1.0000006745787926
1.0000006709893479 2.0000013273444748 1.0000006356424398 1.0000006766321698 -1.0000007422882036 -1.0000006624578919 -1.0000006667877093 3.088548774545961e-8
1.0000006810572266 1.0000006356424398 2.000000938103867 1.000001069163603 -8.175042931125332e-7 -7.565701062281651e-7 -3.464818525003729e-7 -1.0000003030238311
1.000000661729491 1.0000006766321698 1.000001069163603 2.0000005063393766 -0.9999994095837439 -0.9999989669971346 4.747801384264188e-7 -4.226735405660311e-7
-1.0000006735012412 -1.0000007422882036 -8.175042931125332e-7 -0.9999994095837439 1.9999992298574316 0.9999981699181101 0.9999998452323196 8.366894830643523e-7
-1.0000006358915166 -1.0000006624578919 -7.565701062281651e-7 -0.9999989669971346 0.9999981699181101 1.9999979473881975 0.9999997640287319 7.820117944644024e-7
-1.000000659690029 -1.0000006667877093 -3.464818525003729e-7 4.747801384264188e-7 0.9999998452323196 0.9999997640287319 2.0000009083984334 3.8651315952347775e-7
-1.0000006745787926 3.088548774545961e-8 -1.0000003030238311 -4.226735405660311e-7 8.366894830643523e-7 7.820117944644024e-7 3.8651315952347775e-7 2.0000009027549774

# Matrix 4
2.000013202441324 1.0000027098338595 0.9999875048177821 0.9999732287920157 0.9999863115683916 -0.999974344099303 -0.9999790149107537 0.9999534263934455
1.0000027098338595 2.000023446685801 -2.2237189979371926e-5 0.9999854038759719 0.9999935133918362 -0.9999865329397082 -0.9999896662618876 -4.445808200039872e-5
0.9999875048177821 -2.2237189979371926e-5 1.9999925812581483 0.9999548618852998 0.9999767734780562 5.7855261122885346e-5 5.1292338927177315e-5 0.999931236449134
0.9999732287920157 0.9999854038759719 0.9999548618852998 1.9999424334904643 0.9999544467324856 -0.9999293674171198 -0.9999409548697241 0.9998893379933447
0.9999863115683916 0.9999935133918362 0.9999767734780562 0.9999544467324856 1.9999905374728546 -0.999956694186003 -0.9999629022930061 0.9999327552265694
-0.999974344099303 -0.9999865329397082 5.7855261122885346e-5 -0.9999293674171198 -0.999956694186003 1.9999523863006092 0.9999432683598235 -0.9999000684487034
-0.9999790149107537 -0.9999896662618876 5.1292338927177315e-5 -0.9999409548697241 -0.9999629022930061 0.9999432683598235 1.999971319367686 -0.9999123069558407
0.9999534263934455 -4.445808200039872e-5 0.999931236449134 0.9998893379933447 0.9999327552265694 -0.9999000684487034 -0.9999123069558407 1.9998560474554627

# Matrix 5
2.0000086817784783 -1.0000041668971638 -1.0000037655085654 -1.0000037558605541 -1.0000041590004738 -1.0000037662849928 1.0000041420171184 -0.9999998994142153
-1.0000041668971638 2.0000090406405184 1.0000060901278751 -7.510727873640358e-7 1.0000026096158856 8.379051309565086e-7 -1.5358327850083232e-6 1.0000002655020455
-1.0000037655085654 1.0000060901278751 2.0000059340138012 -7.421398146203466e-7 3.117045757719991e-6 1.0000002726296076 -1.0000014600407368 1.931665183935734e-6
-1.0000037558605541 -7.510727873640358e-7 -7.421398146203466e-7 2.0000093778328254 1.0000041356110658 1.0000045280185375 -1.0000044572431124 1.000000338450037
-1.0000041590004738 1.0000026096158856 3.117045757719991e-6 1.0000041356110658 2.0000047854271874 3.121224537205592e-6 -3.84497006207458e-6 0.9999940873363843
-1.0000037662849928 8.379051309565086e-7 1.0000002726296076 1.0000045280185375 3.121224537205592e-6 2.000005119856478 -1.0000010801433952 3.185120380847473e-8
1.0000041420171184 -1.5358327850083232e-6 -1.0000014600407368 -1.0000044572431124 -3.84497006207458e-6 -1.0000010801433952 2.0000047033913657 -5.133771495903765e-6
-0.9999998994142153 1.0000002655020455 1.931665183935734e-6 1.000000338450037 0.9999940873363843 3.185120380847473e-8 -5.133771495903765e-6 1.99998300082151

# Matrix 6
2.000037403587587 -0.9999156976449348 0.9999183722695517 -0.9999172297533147 -0.9999137681317134 0.9997085006054403 0.9999176024949523 -0.9997057613810484
-0.9999156976449348 2.000031335058583 -0.9999180254153145 -0.00020566170050427017 -0.00021137645329208078 -0.9996981973034017 0.00020487185729494215 -0.00042587940414986824
0.9999183722695517 -0.9999180254153145 2.0000412346135614 -0.9999222019901144 0.00020526202132595847 0.9997158324252072 0.9999179653800938 -0.9997139261670737
-0.9999172297533147 -0.00020566170050427017 -0.9999222019901144 2.0000381752709093 0.9999141724434614 -0.9997085313733012 -0.9999183723512414 0.9997135853093032
-0.9999137681317134 -0.00021137645329208078 0.00020526202132595847 0.9999141724434614 2.0000304635179047 -0.999695797143378 -0.9999156554571372 0.9996938224388333
0.9997085006054403 -0.9996981973034017 0.9997158324252072 -0.9997085313733012 -0.999695797143378 1.9993786078524938 0.9997115198336849 -0.9992495702994296
0.9999176024949523 0.00020487185729494215 0.9999179653800938 -0.9999183723512414 -0.9999156554571372 0.9997115198336849 2.0000388500889597 -0.9997127627078876
-0.9997057613810484 -0.00042587940414986824 -0.9997139261670737 0.9997135853093032 0.9996938224388333 -0.9992495702994296 -0.9997127627078876 1.9993400107107828

# Matrix 7
2.000047098381411 -1.0000229632436701 1.0000230638460987 1.0000225403683025 1.0000234240340267 -1.0000214397057094 -1.0000233120192714 -1.0000217395156794
-1.0000229632436701 2.000043289856414 2.9917736730324888e-6 -1.000027478266141 -1.0000081509741452 1.0000122555543438 7.988581231640155e-6 1.209153380147271e-5
1.0000230638460987 2.9917736730324888e-6 2.000040713386742 1.5297379353051457e-6 1.000007062208387 -1.000006664393859 -1.2210867127563987e-5 -1.8252745926222585e-5
1.0000225403683025 -1.000027478266141 1.5297379353051457e-6 2.0000359733722743 2.4817452082507233e-5 -1.0000381965774294 1.4166474801387305e-5 -0.9999908762139731
1.0000234240340267 -1.0000081509741452 1.000007062208387 2.4817452082507233e-5 1.9999665395583919 -0.9999656693678203 -4.7786549034798446e-5 -8.74285543864056e-5
-1.0000214397057094 1.0000122555543438 -1.000006664393859 -1.0000381965774294 -0.9999656693678203 2.000001944548314 3.476517959781534e-5 5.678934353173922e-5
-1.0000233120192714 7.988581231640155e-6 -1.2210867127563987e-5 1.4166474801387305e-5 -4.7786549034798446e-5 3.476517959781534e-5 2.000014954987157 0.9999682720458812
-1.0000217395156794 1.209153380147271e-5 -1.8252745926222585e-5 -0.9999908762139731 -8.74285543864056e-5 5.678934353173922e-5 0.9999682720458812 1.9999370563020813

# Matrix 8
2.0000069390861683 1.0000022791042684 -1.0000033721226953 1.0000029818710316 -1.0000010912815414 -1.0000003816221321 1.000002279030632 1.0000015407154184
1.0000022791042684 2.000002741921885 -1.0000044881717067 1.000004159212391 -0.9999945546590051 -0.9999919746705805 0.9999960916103914 0.9999946154791883
-1.0000033721226953 -1.0000044881717067 2.000007525569026 -1.0000028777268692 1.542507344310175e-7 2.3288689923510355e-6 6.44796096010626e-7 -1.4783238102198373e-6
1.0000029818710316 1.000004159212391 -1.0000028777268692 2.000007576205408 -1.0000037397149841 -1.1602854140028515e-6 -1.3225678800407035e-6 1.0000050525826796
-1.0000010912815414 -0.9999945546590051 1.542507344310175e-7 -1.0000037397149841 1.9999948843654187 0.9999860921350446 -0.999992545073907 -0.9999887591947118
-1.0000003816221321 -0.9999919746705805 2.3288689923510355e-6 -1.1602854140028515e-6 0.9999860921350446 1.999979078348959 -0.9999908518339992 -0.9999814104296751
1.000002279030632 0.9999960916103914 6.44796096010626e-7 -1.3225678800407035e-6 -0.999992545073907 -0.9999908518339992 1.9999994752122838 0.9999930134995798
1.0000015407154184 0.9999946154791883 -1.4783238102198373e-6 1.0000050525826796 -0.9999887591947118 -0.9999814104296751 0.9999930134995798 1.9999902569228747

# Matrix 9
2.000011715862649 -1.000005458786107 1.000005445371041 -1.0000058258441955 1.000005061908404 1.0000054616685616 -1.0000054702338468 -1.000004193282556
-1.000005458786107 2.000010145600797 2.33521516816883e-6 1.0000065902160284 -1.00000273428454 -1.0000019694234372 1.0000043254667228 0.9999983765424689
1.000005445371041 2.33521516816883e-6 2.0000063426271715 -2.6389019061777564e-6 1.0000008569387233 0.9999977517526061 -1.0000012488720267 -0.9999938016105209
-1.0000058258441955 1.0000065902160284 -2.6389019061777564e-6 2.0000085735071327 -2.2207052928229246e-6 -5.051260132779556e-6 3.031016164448743e-6 1.0000084082260359
1.000005061908404 -1.00000273428454 1.0000008569387233 -2.2207052928229246e-6 2.000005521539503 0.9999974170299075 -1.000002014785247 -0.9999925524891213
1.0000054616685616 -1.0000019694234372 0.9999977517526061 -5.051260132779556e-6 0.9999974170299075 1.9999964220048807 -1.0000001094324176 -0.9999876072570288
-1.0000054702338468 1.0000043254667228 -1.0000012488720267 3.031016164448743e-6 -1.000002014785247 -1.0000001094324176 2.0000055957283847 0.9999965212144076
-1.000004193282556 0.9999983765424689 -0.9999938016105209 1.0000084082260359 -0.9999925524891213 -0.9999876072570288 0.9999965212144076 1.9999749272986482

# Matrix 10
2.0000173363088147 -1.0000060884527346 -1.0000065412601011 1.0000069034556112 1.0000073510085243 -1.0000053697791775 -1.0000065343551805 1.0000049531055228
-1.0000060884527346 2.000015362844611 -4.7192051949841105e-6 -1.0000026101852486 -0.9999950193132533 0.9999983806118746 -1.5926313356104844e-5 -0.9999926224621446
-1.0000065412601011 -4.7192051949841105e-6 2.0000174088883673 -1.0000038369679216 -1.0000022035265765 1.0000026401539146 1.000001965950984 1.015582488026353e-5
1.0000069034556112 -1.0000026101852486 -1.0000038369679216 2.0000061660820134 0.9999817716844663 -0.999990285603542 -0.9999849356071893 0.9999821790891641
1.0000073510085243 -0.9999950193132533 -1.0000022035265765 0.9999817716844663 1.9999631434114902 -0.9999705772528679 -0.999962166889651 0.9999543666501348
-1.0000053697791775 0.9999983806118746 1.0000026401539146 -0.999990285603542 -0.9999705772528679 1.9999899869162376 0.9999737932981433 -0.9999691425312771
-1.0000065343551805 -1.5926313356104844e-5 1.000001965950984 -0.9999849356071893 -0.999962166889651 0.9999737932981433 1.99997795102663 -0.9999598706151984
1.0000049531055228 -0.9999926224621446 1.015582488026353e-5 0.9999821790891641 0.9999543666501348 -0.9999691425312771 -0.9999598706151984 1.9999620608193798

# Matrix 11
2.0009133342053804 1.0003537163716505 -1.0003476899607262 -1.0003540885760294 -1.000145723359132 -1.000138953774916 1.0003480254086001 1.0001348061339568
1.0003537163716505 2.0005031850968478 1.5019216926714793e-6 -0.9999281060772682 -0.999716941717864 -0.9995024362965539 1.0001390549811213 0.9997192984714017
-1.0003476899607262 1.5019216926714793e-6 2.000702998326968 7.390704041725666e-6 1.0003712681111638 1.0003692747006034 -1.0003596088797364 -1.0003538747976077
-1.0003540885760294 -0.9999281060772682 7.390704041725666e-6 2.000484162713546 0.9997006315870627 0.9994830741884424 0.0004363937869392894 0.0008588366075237463
-1.000145723359132 -0.999716941717864 1.0003712681111638 0.9997006315870627 1.999394870055075 0.9986150731676412 -0.9994779612117496 -0.9990736749072593
-1.000138953774916 -0.9995024362965539 1.0003692747006034 0.9994830741884424 0.9986150731676412 1.998719924658949 -0.9992485163962519 -0.998829768538329
1.0003480254086001 1.0001390549811213 -1.0003596088797364 0.0004363937869392894 -0.9994779612117496 -0.9992485163962519 2.0002491771362547 0.9997045486881062
1.0001348061339568 0.9997192984714017 -1.0003538747976077 0.0008588366075237463 -0.9990736749072593 -0.998829768538329 0.9997045486881062 1.999593741752426

# Matrix 12
2.000246095699855 -1.5682580939500305e-5 1.000113399146566 -1.000112218646087 1.0001118325062752 -2.425704126385295e-5 -2.1759083795171688e-5 1.000086250856736
-1.5682580939500305e-5 2.000246166721099 1.0001142335274271 -1.000113817891457 -1.6895878794811806e-5 1.0001100132750864 1.0001105491839117 1.0000863673492542
1.000113399146566 1.0001142335274271 2.000241716287263 -1.0001102000622077 1.0001105707059272 1.0001025304934619 -2.018994490475924e-5 1.000080816512832
-1.000112218646087 -1.000113817891457 -1.0001102000622077 2.000241271774897 -1.0001101746671872 -1.0001055763821587 1.9841163403856342e-5 -1.000086494665499
1.0001118325062752 -1.6895878794811806e-5 1.0001105707059272 -1.0001101746671872 2.000011998821137 0.9998762967265029 -0.00024986873971673967 0.9996276195552879
-2.425704126385295e-5 1.0001100132750864 1.0001025304934619 -1.0001055763821587 0.9998762967265029 1.999989041211789 -0.0002517535286765666 0.9996046732408341
-2.1759083795171688e-5 1.0001105491839117 -2.018994490475924e-5 1.9841163403856342e-5 -0.00024986873971673967 -0.0002517535286765666 1.9999901458440184 0.9996014856020379
1.000086250856736 1.0000863673492542 1.000080816512832 -1.000086494665499 0.9996276195552879 0.9996046732408341 0.9996014856020379 1.9991953417496104

# Matrix 13
2.0000152853825317 -1.0000072705508578 1.0000072336297527 -1.0000072427510889 -1.0000072256735175 -1.0000053056424856 1.0000049133993507 -1.0000037379903255
-1.0000072705508578 2.000012996071655 4.1745533440757266e-7 -7.926144769467262e-7 2.3199414987191653e-6 1.00000295474335 -1.0000033330697198 1.0000029525570315
1.0000072336297527 4.1745533440757266e-7 2.0000148592731293 -1.0000076210234197 -2.731513828786167e-9 -1.0000044775979364 1.0000041151773527 -1.0000056439951075
-1.0000072427510889 -7.926144769467262e-7 -1.0000076210234197 2.0000144738621612 -1.979916537828441e-6 4.875939749462835e-8 -1.000007243195421 1.0000001778005874
-1.0000072256735175 2.3199414987191653e-6 -2.731513828786167e-9 -1.979916537828441e-6 2.0000093810376365 3.935398134534535e-6 -2.738721819773703e-6 -5.523108411244232e-6
-1.0000053056424856 1.00000295474335 -1.0000044775979364 4.875939749462835e-8 3.935398134534535e-6 1.99999698702319 -0.999991875626712 0.9999986415643495
1.0000049133993507 -1.0000033330697198 1.0000041151773527 -1.000007243195421 -2.738721819773703e-6 -0.999991875626712 2.000001535593142 -0.9999981784795827
-1.0000037379903255 1.0000029525570315 -1.0000056439951075 1.0000001778005874 -5.523108411244232e-6 0.9999986415643495 -0.9999981784795827 1.9999785954701061

# Matrix 14
2.0000329427376093 1.0000147944012587 -1.000011716444724 1.0000128445267182 1.000007577430385 -1.0000063774323797 1.000004507582459 -0.9999972325909395
1.0000147944012587 2.00002914866418 5.70855900994145e-6 -4.213653583128978e-6 1.0000002706866065 -1.0000006446002687 0.9999964525297891 -0.9999883761756175
-1.000011716444724 5.70855900994145e-6 2.000030226248386 -1.0000101473461687 -1.0000067046204966 1.0000039885574696 -1.0000040192862907 0.9999940421703593
1.0000128445267182 -4.213653583128978e-6 -1.0000101473461687 2.0000252348007095 1.0000097477086511 1.4637699506610066e-5 -6.0619588666861494e-6 -0.9999990029719996
1.000007577430385 1.0000002706866065 -1.0000067046204966 1.0000097477086511 1.9999973483122306 -0.9999852848281192 0.9999707248135742 -0.9999595406141621
-1.0000063774323797 -1.0000006446002687 1.0000039885574696 1.4637699506610066e-5 -0.9999852848281192 1.999996155410659 -0.9999784440775892 0.9999530539751396
1.000004507582459 0.9999964525297891 -1.0000040192862907 -6.0619588666861494e-6 0.9999707248135742 -0.9999784440775892 1.9999734113809273 -0.9999472707427081
-0.9999972325909395 -0.9999883761756175 0.9999940421703593 -0.9999990029719996 -0.9999595406141621 0.9999530539751396 -0.9999472707427081 1.99993083343552

# Matrix 15
2.000009750241962 1.0000044594157969 -1.0000041222913958 1.0000040838044006 -1.0000041137193567 1.000003669019169 -1.0000037270106978 1.0000044877413623
1.0000044594157969 2.000008932028086 4.566694112290026e-7 1.00000443993703 -1.0000048469853704 1.0000044377749946 -1.2360483118327805e-6 1.0000065833398886
-1.0000041222913958 4.566694112290026e-7 2.000005002043861 -1.00000131617506 0.9999981329411083 6.743005136174716e-6 0.9999971492002083 8.846587880971553e-7
1.0000040838044006 1.00000443993703 -1.00000131617506 2.0000065377368705 -0.9999981230073867 0.999997713930784 -0.9999966521608902 1.000002645554322
-1.0000041137193567 -1.0000048469853704 0.9999981329411083 -0.9999981230073867 1.9999963203569937 -0.9999898926909072 0.9999864937641407 -0.9999988683654297
1.000003669019169 1.0000044377749946 6.743005136174716e-6 0.999997713930784 -0.9999898926909072 1.9999923232061865 -0.9999832219399989 0.9999971706023455
-1.0000037270106978 -1.2360483118327805e-6 0.9999971492002083 -0.9999966521608902 0.9999864937641407 -0.9999832219399989 1.9999788908651952 -0.9999905324465926
1.0000044877413623 1.0000065833398886 8.846587880971553e-7 1.000002645554322 -0.9999988683654297 0.9999971706023455 -0.9999905324465926 1.999997296489902

# Matrix 16
2.0000062812887465 1.000002738018474 -1.0000023507723177 -1.0000031164405094 -1.0000019587372975 1.000001096643908 -1.0000023097253017 1.0000023514711018
1.000002738018474 2.0000058722039067 -1.0000019893009309 -1.0000026982453987 1.928880739331505e-6 0.9999995749966866 2.4219655823571656e-6 1.0000007120797685
-1.0000023507723177 -1.0000019893009309 2.0000031627351493 3.5548700791928085e-7 0.9999988021636835 -0.9999956269675722 -3.5651695166989294e-6 -1.0000016054431493
-1.0000031164405094 -1.0000026982453987 3.5548700791928085e-7 2.0000054564923273 3.8736124982276654e-7 -1.0000029966237336 1.0000026554585966 -1.0000015142209517
-1.0000019587372975 1.928880739331505e-6 0.9999988021636835 3.8736124982276654e-7 1.9999998867802062 -0.9999920073370516 0.9999971452227274 -0.9999999733970047
1.000001096643908 0.9999995749966866 -0.9999956269675722 -1.0000029966237336 -0.9999920073370516 1.99998551512972 -0.9999903057222598 0.9999955317257089
-1.0000023097253017 2.4219655823571656e-6 -3.5651695166989294e-6 1.0000026554585966 0.9999971452227274 -0.9999903057222598 1.999996984799445 -0.9999969913699165
1.0000023514711018 1.0000007120797685 -1.0000016054431493 -1.0000015142209517 -0.9999999733970047 0.9999955317257089 -0.9999969913699165 1.9999988158226745

# Matrix 17
2.0000250044317083 -1.000012316593179 -1.0000111441253063 1.0000107864944525 -1.0000099972198817 -1.0000122305606953 -1.0000099692153188 -1.000009625922664
-1.000012316593179 2.0000150455842807 1.0000227567272302 -1.0000165614335215 1.4628121651485355e-5 1.4593580534061177e-5 1.5360918059404653e-5 2.004268273416292e-5
-1.0000111441253063 1.0000227567272302 2.0000018554232155 -0.9999965602813071 0.9999838006368966 0.9999942211376359 0.9999834169884081 0.9999744725463253
1.0000107864944525 -1.0000165614335215 -0.9999965602813071 2.0000127526080025 -0.9999919736810651 6.5037599919834244e-6 -0.9999954363674612 2.4223703380676262e-5
-1.0000099972198817 1.4628121651485355e-5 0.9999838006368966 -0.9999919736810651 1.9999841762719985 0.9999868248075026 0.9999730933905088 0.9999633958942171
-1.0000122305606953 1.4593580534061177e-5 0.9999942211376359 6.5037599919834244e-6 0.9999868248075026 1.9999891271588892 0.9999802136037583 0.9999761541616008
-1.0000099692153188 1.5360918059404653e-5 0.9999834169884081 -0.9999954363674612 0.9999730933905088 0.9999802136037583 1.9999864926676398 0.9999622575822235
-1.000009625922664 2.004268273416292e-5 0.9999744725463253 2.4223703380676262e-5 0.9999633958942171 0.9999761541616008 0.9999622575822235 1.9999609125487663

# Matrix 18
2.000023761776087 1.0000091965768312 1.0000118631572739 1.0000103099053337 -1.0000095658604964 -1.0000099477056126 1.0000092598571935 1.0000076688697623
1.0000091965768312 2.0000187428383907 3.840138141786807e-6 1.0000118572780576 -1.0000053177991741 -1.0000110633266008 1.000001185640049 -1.8041895309003705e-5
1.0000118631572739 3.840138141786807e-6 2.0000179257415223 1.0000098544005924 -5.359813013125994e-6 -1.0000072240671387 9.341271659848333e-6 1.1190093681028172e-5
1.0000103099053337 1.0000118572780576 1.0000098544005924 2.0000232388366315 -1.0000110497486387 -1.0000098481179602 -6.120797580864135e-7 -2.2212118636179922e-6
-1.0000095658604964 -1.0000053177991741 -5.359813013125994e-6 -1.0000110497486387 2.0000140723780113 1.8807937972266602e-6 -1.0000011919604481 -0.9999973352616488
-1.0000099477056126 -1.0000110633266008 -1.0000072240671387 -1.0000098481179602 1.8807937972266602e-6 2.0000159461145612 -4.779544828983301e-6 -6.565283212899203e-6
1.0000092598571935 1.000001185640049 9.341271659848333e-6 -6.120797580864135e-7 -1.0000011919604481 -4.779544828983301e-6 1.999998995158865 0.9999752324913024
1.0000076688697623 -1.8041895309003705e-5 1.1190093681028172e-5 -2.2212118636179922e-6 -0.9999973352616488 -6.565283212899203e-6 0.9999752324913024 1.9999667452671974

