# Matrix 1
1.6012492737894084 0.8006246368715256 -0.8006246368890259 0.40031231851950155 -0.4003123184385902 0.40031231857150396
0.8006246368715256 1.6012492737485737 -0.40031231843284665 -0.400312318339802 -0.8006246368716126 -0.40031231824140295
-0.8006246368890259 -0.40031231843284665 1.601249273766194 0.40031231838065834 -0.40031231839219283 -0.8006246369409543
0.40031231851950155 -0.400312318339802 0.40031231838065834 1.601249273579009 -0.4003123184383216 0.4003123181179172
-0.4003123184385902 -0.8006246368716126 -0.40031231839219283 -0.4003123184383216 1.6012492736499564 0.800624636732486
0.40031231857150396 -0.40031231824140295 -0.8006246369409543 0.4003123181179172 0.800624636732486 1.6012492730966714

# Matrix 2
1.665366355311209 -0.8326831776556043 -0.8326831776556043 -0.8326831776556043 0.8326831776556043 0.8326831776556043
-0.8326831776556043 1.6653663553112084 0.8326831776556044 0.832683177655604 -0.8326831776556044 -0.8326831776556042
-0.8326831776556043 0.8326831776556044 1.6653663553112086 2.11640327951013e-16 -0.8326831776556042 -0.8326831776556047
-0.8326831776556043 0.832683177655604 2.11640327951013e-16 1.6653663553112084 -1.1273668792188021e-16 -0.832683177655604
0.8326831776556043 -0.8326831776556044 -0.8326831776556042 -1.1273668792188021e-16 1.6653663553112086 -4.89403590928994e-17
0.8326831776556043 -0.8326831776556042 -0.8326831776556047 -0.832683177655604 -4.89403590928994e-17 1.6653663553112086

