# Matrix 1
1.6561384544586097 -0.5520449839087942 0.5520475276522997 0.5520457654102883 0.5520477705168878 -0.5520477690440551 0.552042867012352
-0.5520449839087942 1.656136750379981 0.5520443593834008 -0.5520458833300511 0.552044366207428 -0.5520440571744185 -0.552039221785935
0.5520475276522997 0.5520443593834008 1.6561368580233056 0.5520457942259632 0.5520447761214298 -0.5520446527301778 -0.5520394209236461
0.5520457654102883 -0.5520458833300511 0.5520457942259632 1.6561376141395503 -0.5520456382494178 0.5520455180794541 0.552045743000744
0.5520477705168878 0.552044366207428 0.5520447761214298 -0.5520456382494178 1.6561367868150287 -0.5520439286912346 -0.5520394039545464
-0.5520477690440551 -0.5520440571744185 -0.5520446527301778 0.5520455180794541 -0.5520439286912346 1.6561364850866305 0.5520394799405222
0.552042867012352 -0.552039221785935 -0.5520394209236461 0.552045743000744 -0.5520394039545464 0.5520394799405222 1.6561168562602209

# Matrix 2
1.8114490371373249 -0.9057236770330033 -0.9057237007814529 0.9057236654661219 0.9057236534684989 -0.9057236716374321 0.9057236958012048
-0.9057236770330033 1.8114490543498267 0.9057236537352132 1.7553164377798782e-6 1.7605184421421028e-6 -1.7173141554995091e-6 1.7059702785250815e-6
-0.9057237007814529 0.9057236537352132 1.8114490190954928 1.7609203319036888e-6 -0.9057236594969399 0.9057235923075709 -0.9057235746998485
0.9057236654661219 1.7553164377798782e-6 1.7609203319036888e-6 1.8114490664358802 -1.7963848296360692e-6 1.766546971668922e-6 -1.8202633737208278e-6
0.9057236534684989 1.7605184421421028e-6 -0.9057236594969399 -1.7963848296360692e-6 1.8114489722487888 -0.9057236298746221 0.9057235818193085
-0.9057236716374321 -1.7173141554995091e-6 0.9057235923075709 1.766546971668922e-6 -0.9057236298746221 1.8114488136032287 -0.905723442049403
0.9057236958012048 1.7059702785250815e-6 -0.9057235746998485 -1.8202633737208278e-6 0.9057235818193085 -0.905723442049403 1.8114486720104979

