# Matrix 1
1.0785331296251357 -0.06995790868258264 0.08697816467393038 0.04636054424539456
-0.06995790868258264 0.850698300013498 0.0870645672146816 0.07968053183116847
0.08697816467393038 0.0870645672146816 1.0564349874808332 0.11400508835872593
0.04636054424539456 0.07968053183116847 0.11400508835872593 1.074286768454877

# Matrix 2
1.2518752638917603 -0.12208019229072536 0.09096901598971699 0.11520751500453225
-0.12208019229072536 0.7878038849954699 0.08462024006450637 0.12666365163179852
0.09096901598971699 0.08462024006450637 0.9035958124796938 0.09136463777100363
0.11520751500453225 0.12666365163179852 0.09136463777100363 1.2024358333956309

# Matrix 3
1.336428687069713 -0.13237445547193172 -0.015547953462879491 0.16724533678062645
-0.13237445547193172 0.7883589003161594 0.14891162414230838 0.07645862126357533
-0.015547953462879491 0.14891162414230838 0.9074300871300373 0.08147503752539988
0.16724533678062645 0.07645862126357533 0.08147503752539988 1.1347719122821383

# Matrix 4
1.6705651854609032 -0.250171160485336 -0.12807337072668654 0.3933732614716605
-0.250171160485336 0.7947998449085951 0.23244783634477745 0.08350206108189094
-0.12807337072668654 0.23244783634477745 0.8154671807942706 -0.008749134220524486
0.3933732614716605 0.08350206108189094 -0.008749134220524486 1.1799773026322014

# Matrix 5
1.673902298493864 -0.29448286843106247 -0.12381931307372002 0.2492087096163638
-0.29448286843106247 0.8614628944743774 0.23319888290755894 0.010872624946083365
-0.12381931307372002 0.23319888290755894 0.8169785392591173 -0.07458688410260383
0.2492087096163638 0.010872624946083365 -0.07458688410260383 1.027777057905774

# Matrix 6
1.734255112943271 -0.25918302426889006 -0.04636563657825296 0.3323791328488345
-0.25918302426889006 0.855584809327742 0.28060619603728054 0.05374493973782374
-0.04636563657825296 0.28060619603728054 0.7964167217045001 0.055672124927459044
0.3323791328488345 0.05374493973782374 0.055672124927459044 1.0815041483232024

# Matrix 7
1.5043075536583257 -0.2249245815578587 -0.04595251268122419 0.3064364520044632
-0.2249245815578587 0.8819660390897043 0.4163794137816879 -0.038003202660632056
-0.04595251268122419 0.4163794137816879 0.9375617722682899 0.03833569242818862
0.3064364520044632 -0.038003202660632056 0.03833569242818862 1.126209479753365

# Matrix 8
1.5539013250599625 -0.22268983908751291 -0.1074672090662832 0.2313637996458997
-0.22268983908751291 0.7895681990377514 0.3704324299996144 0.03691382426269015
-0.1074672090662832 0.3704324299996144 1.065550152274554 0.14581837307734977
0.2313637996458997 0.03691382426269015 0.14581837307734977 1.0120763485976763

# Matrix 9
1.7119911239366634 -0.37042924026545937 -0.3054557451649705 -0.09041921131167163
-0.37042924026545937 0.8263470753029672 0.431838898839424 0.1153219053742474
-0.3054557451649705 0.431838898839424 1.155480903125443 0.24949382176527712
-0.09041921131167163 0.1153219053742474 0.24949382176527712 0.9040499268344706

# Matrix 10
0.7734313930324413 -0.3511265820680857 0.11819033255434887 0.3455507578332059
-0.3511265820680857 1.095385727523241 0.021268635485793958 -0.27798975135908355
0.11819033255434887 0.021268635485793958 0.9159319486292055 -0.026471240629802176
0.3455507578332059 -0.27798975135908355 -0.026471240629802176 1.7243325327144108

# Matrix 11
0.6898596365470678 -0.2915843595985169 0.14011671642472656 0.36341142810144855
-0.2915843595985169 1.0497486145456505 -0.025171807250118555 -0.31344422629759905
0.14011671642472656 -0.025171807250118555 0.9995176076283245 0.1381449520882007
0.36341142810144855 -0.31344422629759905 0.1381449520882007 1.8373679599034252

# Matrix 12
0.8438649123748042 -0.3747440540736829 0.20345616978737516 0.4091285509353188
-0.3747440540736829 0.954175085363613 -0.057855670918936085 -0.3362340195449324
0.20345616978737516 -0.057855670918936085 1.0217852586963698 0.26473891651047776
0.4091285509353188 -0.3362340195449324 0.26473891651047776 1.8079014493869734

# Matrix 13
0.8436966713669044 -0.322938648826457 0.25844344568089245 0.4835480654268496
-0.322938648826457 0.8585894315687324 -0.15879348163980014 -0.3804346039795713
0.25844344568089245 -0.15879348163980014 0.932754649935262 0.4475310565208787
0.4835480654268496 -0.3804346039795713 0.4475310565208787 2.3238647290524344

# Matrix 14
0.9372058582370083 -0.3090835167855129 0.31094346505241394 0.5317482993395657
-0.3090835167855129 0.8432772660381044 -0.09700014436993283 -0.3600553692005935
0.31094346505241394 -0.09700014436993283 0.9050503655278795 0.39726834537043193
0.5317482993395657 -0.3600553692005935 0.39726834537043193 2.204262672490841

# Matrix 15
0.9099946422637105 -0.31781743172554777 0.38200726246775174 0.4991768703268754
-0.31781743172554777 0.8956764588267175 -0.10959669293025709 -0.45127586769055905
0.38200726246775174 -0.10959669293025709 0.9861559210171259 0.5041183765813346
0.4991768703268754 -0.45127586769055905 0.5041183765813346 2.1801987095706057

# Matrix 16
0.9787474341880867 -0.36918832524914147 0.2942274393630019 0.4041187983521014
-0.36918832524914147 0.7954013292885348 -0.061530858293390764 -0.41209892031287076
0.2942274393630019 -0.061530858293390764 0.9438498770216893 0.41670610628890836
0.4041187983521014 -0.41209892031287076 0.41670610628890836 2.2143182067214813

# Matrix 17
0.932763275814588 -0.2688917556305921 0.2581115295313275 0.3778012877411839
-0.2688917556305921 0.8004175180520112 0.013814089623419009 -0.40667922400308826
0.2581115295313275 0.013814089623419009 0.9659921696880702 0.46225145217057684
0.3778012877411839 -0.40667922400308826 0.46225145217057684 2.1293687742082166

# Matrix 18
0.9449660943672474 -0.2466425524749283 0.20885594894276002 0.21257562650673817
-0.2466425524749283 0.7958407084652918 0.031244216102913593 -0.2669166332022697
0.20885594894276002 0.031244216102913593 0.8984654175547547 0.5374678897342833
0.21257562650673817 -0.2669166332022697 0.5374678897342833 2.1418767391737847

# Matrix 19
1.0106175576286396 -0.2796563083173608 0.26275943638064087 0.2517315791718991
-0.2796563083173608 0.7439700939684469 0.050687655979007075 -0.1827863400520486
0.26275943638064087 0.050687655979007075 0.9277438056016578 0.6248446995494142
0.2517315791718991 -0.1827863400520486 0.6248446995494142 2.25887128945935

# Matrix 20
1.0299124882127104 -0.2754664441616039 0.318268885980218 -0.05916990400190086
-0.2754664441616039 0.7780864422767069 0.0025365982180519226 -0.23289026784646205
0.318268885980218 0.0025365982180519226 0.9414563924274404 -0.35090576726896866
-0.05916990400190086 -0.23289026784646205 -0.35090576726896866 1.8569156260442614

# Matrix 21
1.0445996001997782 -0.18664073116076677 0.4822724993751282 -0.024818682889418905
-0.18664073116076677 0.7177407705741166 0.02993975942076392 -0.30475411617411957
0.4822724993751282 0.02993975942076392 1.039754244411068 -0.3617730744088381
-0.024818682889418905 -0.30475411617411957 -0.3617730744088381 2.005690538651153

# Matrix 22
1.0255345507307756 -0.1794488736380128 0.6150407947000259 -0.13385096161119664
-0.1794488736380128 0.7244700323195117 0.09850776080871282 -0.4089990317998169
0.6150407947000259 0.09850776080871282 1.279595423870768 -0.5941296226189906
-0.13385096161119664 -0.4089990317998169 -0.5941296226189906 2.118305438227008

# Matrix 23
0.952606736721923 -0.17956714945640426 0.48709267908454995 -0.21918997536741147
-0.17956714945640426 0.7072847658994752 0.12006923866755721 -0.42513918071804757
0.48709267908454995 0.12006923866755721 1.257794399156827 -0.645122010767499
-0.21918997536741147 -0.42513918071804757 -0.645122010767499 2.1865780150569605

# Matrix 24
1.0508452022985717 -0.17987231197973907 0.5190617188869637 -0.15283575519157216
-0.17987231197973907 0.8447162133460709 0.14132369018060775 -0.623303683293383
0.5190617188869637 0.14132369018060775 1.1211217445912989 -0.6432360359067857
-0.15283575519157216 -0.623303683293383 -0.6432360359067857 2.187049796348298

# Matrix 25
0.8780166718045554 -0.09446094756825396 0.4613051283431785 -0.32940559744434544
-0.09446094756825396 1.073745937725017 0.16763496126676355 -0.7231939785365505
0.4613051283431785 0.16763496126676355 1.0765406665169646 -0.6934476464667686
-0.32940559744434544 -0.7231939785365505 -0.6934476464667686 2.1896179423396975

# Matrix 26
0.9415378263601678 -0.08027485363164456 0.508586433325524 -0.3542945368791625
-0.08027485363164456 1.0130330465121367 0.1799834174360197 -0.8547179001150009
0.508586433325524 0.1799834174360197 1.1063704499766176 -0.7344961845891381
-0.3542945368791625 -0.8547179001150009 -0.7344961845891381 2.414974551444429

# Matrix 27
0.8369208929867165 -0.15648094908619412 0.35293013475235385 -0.19891972246866296
-0.15648094908619412 1.0863094941396398 0.04848014888578772 -0.7827203471092239
0.35293013475235385 0.04848014888578772 0.9187829355841978 -0.6156917770599944
-0.19891972246866296 -0.7827203471092239 -0.6156917770599944 2.4344522641607833

# Matrix 28
0.7732741257636725 -0.2703313969645699 0.35566732034196286 -0.19157197446816387
-0.2703313969645699 1.2489144880665568 0.09075737652439342 -0.7314517576951579
0.35566732034196286 0.09075737652439342 1.010568483715609 -0.7391851972369043
-0.19157197446816387 -0.7314517576951579 -0.7391851972369043 2.300674962898471

# Matrix 29
0.8001999803876969 -0.28984327805129123 0.41536366757047183 -0.382992805832785
-0.28984327805129123 1.24207425362863 -0.03117397495781232 -0.6499860049890466
0.41536366757047183 -0.03117397495781232 1.0083982326271654 -0.8142752214108041
-0.382992805832785 -0.6499860049890466 -0.8142752214108041 2.5026031014059256

# Matrix 30
0.7881089080717265 0.35821494896839645 -0.3233565538770263 -0.30102687413593915
0.35821494896839645 1.0616987525624293 0.059356598647506184 0.21277540556968275
-0.3233565538770263 0.059356598647506184 1.3596756350851664 0.505332989852794
-0.30102687413593915 0.21277540556968275 0.505332989852794 1.5246799428992486

# Matrix 31
0.8282772390631838 0.5343444797077064 -0.3335000010980876 -0.3579975125375887
0.5343444797077064 1.0513552569499582 -0.056079248594063436 0.11367566445668353
-0.3335000010980876 -0.056079248594063436 1.2985735630572974 0.618922347261146
-0.3579975125375887 0.11367566445668353 0.618922347261146 1.9766426916686608

# Matrix 32
0.8207460551779617 0.46032763826039536 -0.29078998976139625 -0.2563712304353682
0.46032763826039536 0.9609167742428151 -0.07189083539940994 0.23753142859724286
-0.29078998976139625 -0.07189083539940994 1.2154962043790962 0.5708326369371974
-0.2563712304353682 0.23753142859724286 0.5708326369371974 2.030666582276427

# Matrix 33
0.7501381757880129 0.47315424998928535 -0.2352013063630725 -0.1377877836383408
0.47315424998928535 1.018739414255111 -0.1267223183499772 0.5149675929219786
-0.2352013063630725 -0.1267223183499772 1.1187912891400595 0.2849845678760449
-0.1377877836383408 0.5149675929219786 0.2849845678760449 2.348236821310984

# Matrix 34
0.6772736946830085 0.35092493483780113 -0.20783151061783509 -0.2671078952369738
0.35092493483780113 0.9203379249885695 -0.056002057391090924 0.438875100125533
-0.20783151061783509 -0.056002057391090924 1.1935462225971216 0.3613802800127894
-0.2671078952369738 0.438875100125533 0.3613802800127894 2.382660711823402

# Matrix 35
0.6143934315448019 0.3651330182696873 -0.22844640998775653 -0.1719688241787726
0.3651330182696873 1.0440888934503156 -0.10070406374745056 0.6588745878672624
-0.22844640998775653 -0.10070406374745056 1.1797425992765005 0.2729786087590193
-0.1719688241787726 0.6588745878672624 0.2729786087590193 2.5769727983386512

# Matrix 36
0.6254018817589736 0.301517132984548 -0.18646613734348694 -0.18345105157192765
0.301517132984548 0.9885029071374724 -0.11518820915498137 0.5355607015289068
-0.18646613734348694 -0.11518820915498137 1.110560263917903 0.19349603962990536
-0.18345105157192765 0.5355607015289068 0.19349603962990536 2.33811839504543

# Matrix 37
0.6593869217128112 0.3060888575355087 -0.1995656810696857 -0.14331470753121148
0.3060888575355087 0.972478342048608 0.0003572991498536835 0.5728425186883087
-0.1995656810696857 0.0003572991498536835 1.1415533306278773 0.12375095106807088
-0.14331470753121148 0.5728425186883087 0.12375095106807088 2.229173422244293

# Matrix 38
0.7203972001220036 0.4133636801669969 -0.10789605162047944 -0.0442203784288495
0.4133636801669969 1.0104390483279098 -0.04331995922992438 0.5542515722320772
-0.10789605162047944 -0.04331995922992438 1.0230792528904329 -0.16038468899604938
-0.0442203784288495 0.5542515722320772 -0.16038468899604938 2.253361831221969

# Matrix 39
0.6740878161948863 0.3533703902446429 -0.0893486728682854 -0.15284968923890296
0.3533703902446429 0.9758413399243473 0.0017427828617735883 0.6239717036868033
-0.0893486728682854 0.0017427828617735883 1.086208342428866 0.08197270728616754
-0.15284968923890296 0.6239717036868033 0.08197270728616754 2.413436452090533

# Matrix 40
0.6390344350873057 0.2754660728982474 -0.08535334298313794 0.27720580439625736
0.2754660728982474 0.9924410664507795 0.13555265985229376 0.1210626998886406
-0.08535334298313794 0.13555265985229376 1.0641873253238026 0.09050885898141123
0.27720580439625736 0.1210626998886406 0.09050885898141123 1.8941849248772367

# Matrix 41
0.5934535161295704 0.26234839205629273 -0.07443825812438891 0.18941191233993857
0.26234839205629273 1.0188133178840255 0.11603078458228872 0.1919786641487895
-0.07443825812438891 0.11603078458228872 1.0592106323879193 0.17281110945168718
0.18941191233993857 0.1919786641487895 0.17281110945168718 1.9249178206717776

# Matrix 42
0.5434165378440703 0.26074849403400613 -0.1030560852560813 0.21497758335740408
0.26074849403400613 0.9265320050953493 0.03594790297924898 0.14319556694257807
-0.1030560852560813 0.03594790297924898 1.2089694969090141 0.1272528673030926
0.21497758335740408 0.14319556694257807 0.1272528673030926 2.0551569199121933

# Matrix 43
0.5393799160641225 0.3009984003749298 -0.11614933512042876 0.2570269149671048
0.3009984003749298 0.9455891913171416 -0.020742182564229064 0.2697667914457697
-0.11614933512042876 -0.020742182564229064 1.1228732614803283 0.12017011094469565
0.2570269149671048 0.2697667914457697 0.12017011094469565 2.345488806169849

# Matrix 44
0.5767725824533405 0.37820301912456966 -0.07190614578450658 0.2033337023293409
0.37820301912456966 1.0882896928516048 -0.02083191965490444 0.28441966641856675
-0.07190614578450658 -0.02083191965490444 1.0308370776383535 0.15279939987072527
0.2033337023293409 0.28441966641856675 0.15279939987072527 2.1490789827903916

# Matrix 45
0.5631233325233712 0.31964060281653006 -0.10218295343562257 0.16647982525146454
0.31964060281653006 1.1443435874069037 0.021409116626373986 0.2972124984470479
-0.10218295343562257 0.021409116626373986 0.9215268972562838 0.3749793788676031
0.16647982525146454 0.2972124984470479 0.3749793788676031 2.3175106259836533

# Matrix 46
0.5894336944260744 0.27479158838749085 -0.16261527392561415 0.20482021466870087
0.27479158838749085 1.2232426792586373 0.008160793319506032 0.27892808895097726
-0.16261527392561415 0.008160793319506032 0.9291482434857705 0.17457027350236365
0.20482021466870087 0.27892808895097726 0.17457027350236365 1.9202771254921838

# Matrix 47
0.58712888907179 0.20707203768111687 -0.1860243027512759 0.07393199773451833
0.20707203768111687 1.3113943888350463 -0.014935870654369746 0.29985650798895747
-0.1860243027512759 -0.014935870654369746 1.025051053661231 0.17606429455738826
0.07393199773451833 0.29985650798895747 0.17606429455738826 1.53328497379647

# Matrix 48
0.6368896647418144 0.11340891152563867 -0.1219345967820952 0.10891332393758357
0.11340891152563867 1.223997242267945 0.17840432782675963 0.26918411540326187
-0.1219345967820952 0.17840432782675963 1.0763566711581969 0.17587560362551113
0.10891332393758357 0.26918411540326187 0.17587560362551113 1.3731321754697463

# Matrix 49
0.6831676354070564 0.1462302858374322 -0.17520844712091563 0.05613191197925549
0.1462302858374322 1.1435359222823362 0.11706357545668372 0.2794526495594425
-0.17520844712091563 0.11706357545668372 1.148078606893202 0.24419823216266434
0.05613191197925549 0.2794526495594425 0.24419823216266434 1.330946646335204

# Matrix 50
0.6539123671654087 0.22465374629811713 -0.23336801763481846 0.033994006490699544
0.22465374629811713 1.2460322422651378 -0.04733375737295082 0.31975285815245047
-0.23336801763481846 -0.04733375737295082 1.1049065923410362 0.17470288511622872
0.033994006490699544 0.31975285815245047 0.17470288511622872 1.3958784606362817

# Matrix 51
0.6103768755600044 0.18414293446512447 -0.22133374161698904 -0.019364657431288027
0.18414293446512447 1.2183425148351132 -0.09997491233208561 0.2324824998116549
-0.22133374161698904 -0.09997491233208561 1.1727418539441397 0.21599717682418174
-0.019364657431288027 0.2324824998116549 0.21599717682418174 1.38293181161514

# Matrix 52
0.6307592537338637 0.2677944953873054 -0.27750843975633244 -0.005983373711652232
0.2677944953873054 1.1426827537272142 -0.1454458244514087 0.1665076671597578
-0.27750843975633244 -0.1454458244514087 1.2276847269027757 0.14841026930609308
-0.005983373711652232 0.1665076671597578 0.14841026930609308 1.4427923076361977

# Matrix 53
0.6681097353942823 0.16526094744118935 -0.2752402866489115 -0.04746647390779607
0.16526094744118935 0.8602479356949296 -0.16990772432842213 -0.03473678053219484
-0.2752402866489115 -0.16990772432842213 1.3148979032684516 0.18763000381707923
-0.04746647390779607 -0.03473678053219484 0.18763000381707923 1.5635188657763308

# Matrix 54
0.550415122220753 0.10789651764391965 -0.1639223573793755 -0.011466943996145175
0.10789651764391965 0.9304581302089487 -0.1953006409914932 -0.07517526831495741
-0.1639223573793755 -0.1953006409914932 1.501368474019024 0.05785360447346102
-0.011466943996145175 -0.07517526831495741 0.05785360447346102 1.4111089768318967

# Matrix 55
0.5366713887955307 0.18646270858153682 -0.2145000613548122 -0.01973840328634336
0.18646270858153682 0.985773223849354 -0.24972662192788878 0.06880570008399035
-0.2145000613548122 -0.24972662192788878 1.4805303291972784 -0.0043561811354560585
-0.01973840328634336 0.06880570008399035 -0.0043561811354560585 1.49298283474446

# Matrix 56
0.5558085472422482 0.3132939938964005 -0.283576338638822 -0.11435702937526616
0.3132939938964005 1.2054040067830232 -0.26729935303984587 0.016068363259663716
-0.283576338638822 -0.26729935303984587 1.4015381298928915 -0.014953376390877404
-0.11435702937526616 0.016068363259663716 -0.014953376390877404 1.4371572090916749

# Matrix 57
0.6201339325188704 0.34760265718435646 -0.4153283739143805 -0.12990070344416887
0.34760265718435646 1.2846119151428803 -0.4927500238499327 0.06518254267939978
-0.4153283739143805 -0.4927500238499327 1.561653037764687 0.08532382306911007
-0.12990070344416887 0.06518254267939978 0.08532382306911007 1.2568937120438821

# Matrix 58
0.7569335152856493 0.5021504209354548 -0.5042533773088664 -0.14217333217166614
0.5021504209354548 1.286803657194502 -0.5478170951190331 0.08127133646569326
-0.5042533773088664 -0.5478170951190331 1.6089653474629753 0.06325924496796448
-0.14217333217166614 0.08127133646569326 0.06325924496796448 1.189621714534481

# Matrix 59
0.8533403772288242 0.5518841284265927 -0.6008724472389626 -0.15823049056796645
0.5518841284265927 1.4349202781683126 -0.695302329392667 0.07824694569273088
-0.6008724472389626 -0.695302329392667 1.5914081712982968 0.17082546426525663
-0.15823049056796645 0.07824694569273088 0.17082546426525663 1.076515221045224

# Matrix 60
0.825673206972133 -0.2401335726788071 0.2609655427829187 -0.10051934143894697
-0.2401335726788071 1.1310580129395091 -0.3193794752535291 0.1548447777319146
0.2609655427829187 -0.3193794752535291 1.2166686423056756 0.10620852020058442
-0.10051934143894697 0.1548447777319146 0.10620852020058442 1.1112767724969497

# Matrix 61
0.8213576069423157 -0.3016015330204073 0.32617051454596896 -0.1174393535830509
-0.3016015330204073 1.3666657400429891 -0.35123278888328574 0.18225139501470614
0.32617051454596896 -0.35123278888328574 1.1076676377301993 0.10469769124017951
-0.1174393535830509 0.18225139501470614 0.10469769124017951 1.1019481582853932

# Matrix 62
0.8363991633816804 -0.23703832224292276 0.4146434615570759 -0.06010177984821077
-0.23703832224292276 1.4173188385598985 -0.5172155387623025 0.20173600118229157
0.4146434615570759 -0.5172155387623025 1.088112958480187 0.06458783423680527
-0.06010177984821077 0.20173600118229157 0.06458783423680527 1.2174043423861112

# Matrix 63
0.7500805026077892 -0.19487381390379271 0.36231890200697886 -0.11356346875888743
-0.19487381390379271 1.4675442322959138 -0.5134108327983934 0.2632104043323376
0.36231890200697886 -0.5134108327983934 1.088582529004549 0.011752017065951498
-0.11356346875888743 0.2632104043323376 0.011752017065951498 1.2708685150312304

# Matrix 64
0.7232381623168832 -0.20385954272850731 0.41054655376008964 0.023920689796055
-0.20385954272850731 1.5021846700663326 -0.6025416450700556 0.3710785172652126
0.41054655376008964 -0.6025416450700556 1.2492145317241994 -0.08581806949894911
0.023920689796055 0.3710785172652126 -0.08581806949894911 1.2236434055084964

# Matrix 65
0.7225704685265901 -0.19935003125970313 0.35002958099598475 -0.06261117277407753
-0.19935003125970313 1.4806301887102422 -0.516719668394385 0.42882955497588615
0.35002958099598475 -0.516719668394385 1.2820090508541142 -0.15698375436244297
-0.06261117277407753 0.42882955497588615 -0.15698375436244297 1.1061957455617148

# Matrix 66
0.828480740324395 -0.20494473335839825 0.4020650389793041 -0.024676345748942292
-0.20494473335839825 1.398026369682388 -0.409282536480914 0.386424577697362
0.4020650389793041 -0.409282536480914 1.1698970502985113 -0.20701955857393273
-0.024676345748942292 0.386424577697362 -0.20701955857393273 1.1124234465443366

# Matrix 67
0.8527706892078828 -0.1854192618523132 0.48071445675879204 -0.06196819074738476
-0.1854192618523132 1.3073810151687253 -0.4435074199329299 0.3293840415187433
0.48071445675879204 -0.4435074199329299 1.2633356360459247 -0.39142792713735
-0.06196819074738476 0.3293840415187433 -0.39142792713735 1.191727024751876

# Matrix 68
0.9858332967723212 -0.1755278822989436 0.46622744101554914 -0.09786237799186687
-0.1755278822989436 1.4194332883558998 -0.4384643271553641 0.39309659385776774
0.46622744101554914 -0.4384643271553641 1.0065308829331856 -0.3517766097396348
-0.09786237799186687 0.39309659385776774 -0.3517766097396348 1.2257688873021966

# Matrix 69
0.9464618904931615 0.023071491395591455 0.36370513670698573 -0.05331545872320504
0.023071491395591455 1.4078713399930864 -0.33337040650910355 0.4823489190197559
0.36370513670698573 -0.33337040650910355 0.9553166983924437 -0.3029834783380414
-0.05331545872320504 0.4823489190197559 -0.3029834783380414 1.2315270645195642

# Matrix 70
0.8435958015298163 0.3832006219165579 0.07339826233282741 0.0035396832741768167
0.3832006219165579 1.0349719688772736 -0.2900282074150501 -0.27708154221275794
0.07339826233282741 -0.2900282074150501 1.466872902493039 0.5086469708658656
0.0035396832741768167 -0.27708154221275794 0.5086469708658656 1.240223057758227

# Matrix 71
0.770324856787681 0.4361059388271556 0.029214684095441822 -0.06226065033819595
0.4361059388271556 1.0915492793350252 -0.2527069801532022 -0.3691611561801002
0.029214684095441822 -0.2527069801532022 1.5450625077487092 0.6386220771745695
-0.06226065033819595 -0.3691611561801002 0.6386220771745695 1.3870222973601234

# Matrix 72
0.6796975573635613 0.44294069717606727 0.13119719510607428 -0.0891656156982082
0.44294069717606727 1.1117003653375122 -0.31032906746944705 -0.4807588892612722
0.13119719510607428 -0.31032906746944705 1.7290435863922573 0.688650329206492
-0.0891656156982082 -0.4807588892612722 0.688650329206492 1.5768395671016986

# Matrix 73
0.6932537670953673 0.44266900639979334 0.10469400870827952 -0.1745086729580945
0.44266900639979334 1.130557598392382 -0.2877401761213934 -0.603604045345763
0.10469400870827952 -0.2877401761213934 1.6809201550381199 0.6965276117118675
-0.1745086729580945 -0.603604045345763 0.6965276117118675 1.6274531785228088

# Matrix 74
0.610768823339107 0.41064709983749303 0.04495183457314804 -0.12121663921959644
0.41064709983749303 1.2294666528257263 -0.37919687403491453 -0.6707030260081369
0.04495183457314804 -0.37919687403491453 1.5803151157198412 0.5674068830702433
-0.12121663921959644 -0.6707030260081369 0.5674068830702433 1.6884433995815886

# Matrix 75
0.6039197377307044 0.3581787916914298 0.18646894902435987 0.055410285904944956
0.3581787916914298 1.2756391867911994 -0.3860509577331671 -0.5072885494009822
0.18646894902435987 -0.3860509577331671 1.4771703582422147 0.616709930501391
0.055410285904944956 -0.5072885494009822 0.616709930501391 1.6924469640799507

# Matrix 76
0.5671136343633353 0.34140074143837035 0.2077618803794804 -0.013141969342236392
0.34140074143837035 1.3916330250115216 -0.38392839097325004 -0.6553481421252991
0.2077618803794804 -0.38392839097325004 1.4871510975141822 0.8282831279495049
-0.013141969342236392 -0.6553481421252991 0.8282831279495049 1.8587697389735307

# Matrix 77
0.6246695516000509 0.3037114903006089 0.34117285099463723 0.06795404649267973
0.3037114903006089 1.1980459220447155 -0.3193099314853271 -0.5508604457693372
0.34117285099463723 -0.3193099314853271 1.6876870924122875 0.7596275996644228
0.06795404649267973 -0.5508604457693372 0.7596275996644228 1.6857522385583525

# Matrix 78
0.6880064759834909 0.3229038010460426 0.32907084331000264 -0.026616501424781495
0.3229038010460426 1.1154236746365191 -0.30733211374959596 -0.5295946074875172
0.32907084331000264 -0.30733211374959596 1.6363937320202728 0.7610520395249829
-0.026616501424781495 -0.5295946074875172 0.7610520395249829 1.6973659611755043

# Matrix 79
0.6625998193004661 0.3298106987277141 0.2561233426845083 -0.05343952606496459
0.3298106987277141 1.0384566181405641 -0.08206621735769243 -0.4254749271512707
0.2561233426845083 -0.08206621735769243 1.6408411372797067 0.8068254649708757
-0.05343952606496459 -0.4254749271512707 0.8068254649708757 1.7026663731352418

# Matrix 80
0.6750451967961206 -0.31267025393656256 0.23981551161232256 -0.04114723917925212
-0.31267025393656256 1.005810195047396 -0.3400861204816121 -0.34570749293763836
0.23981551161232256 -0.3400861204816121 1.7074160768875302 0.6846758740261998
-0.04114723917925212 -0.34570749293763836 0.6846758740261998 1.4913731980435785

# Matrix 81
0.5903537187897689 -0.323593285795755 0.2472588788312056 -0.03664001481340596
-0.323593285795755 1.1835682730227541 -0.34229943400062685 -0.507756009775131
0.2472588788312056 -0.34229943400062685 1.65410971905186 0.7186413648777503
-0.03664001481340596 -0.507756009775131 0.7186413648777503 1.654943081393506

# Matrix 82
0.5397374469113972 -0.292780834409067 0.20449956101343203 -0.0591312380627562
-0.292780834409067 1.0562986345925915 -0.3304443084813581 -0.340206146190444
0.20449956101343203 -0.3304443084813581 1.665076150407966 0.5337680275198449
-0.0591312380627562 -0.340206146190444 0.5337680275198449 1.6477825945962414

# Matrix 83
0.48995212068712174 -0.2846278719134268 0.146570723112979 0.01926809785796342
-0.2846278719134268 1.2109073824304606 -0.42916958569905844 -0.46706126253174113
0.146570723112979 -0.42916958569905844 1.6064423122270202 0.33341056839819544
0.01926809785796342 -0.46706126253174113 0.33341056839819544 1.5681123343914043

# Matrix 84
0.5154797703920135 -0.2984384354415841 0.19925574254198222 0.10624895768020601
-0.2984384354415841 1.1445639036718556 -0.5489976568583081 -0.6455387602335474
0.19925574254198222 -0.5489976568583081 1.7381819614482847 0.523518571823127
0.10624895768020601 -0.6455387602335474 0.523518571823127 1.7665949190387298

# Matrix 85
0.5845648297613453 -0.26561168765940574 0.2007053290688695 0.03235832903521887
-0.26561168765940574 1.0748208704010334 -0.4660057612053892 -0.5193864094004865
0.2007053290688695 -0.4660057612053892 1.5112511112995899 0.30401176387012613
0.03235832903521887 -0.5193864094004865 0.30401176387012613 1.6600312056539972

# Matrix 86
0.6491604369695682 -0.2235589054172619 0.2563045896098248 0.003440509431706029
-0.2235589054172619 1.165671084456467 -0.6251074368888453 -0.5408999960354922
0.2563045896098248 -0.6251074368888453 1.5787084056567182 0.39469927837969715
0.003440509431706029 -0.5408999960354922 0.39469927837969715 1.4476292922804104

# Matrix 87
0.6624116061922247 -0.17561300486567916 0.2799638470289042 -0.016812977225888048
-0.17561300486567916 1.2127221307611487 -0.543314446562989 -0.6176247752345012
0.2799638470289042 -0.543314446562989 1.4743683670297176 0.23513709064156005
-0.016812977225888048 -0.6176247752345012 0.23513709064156005 1.4412741020270543

# Matrix 88
0.7003034702450351 -0.1069577374938414 0.18314813163300828 -0.11143929768933859
-0.1069577374938414 1.1208084412109323 -0.5555708013819561 -0.5372022112458299
0.18314813163300828 -0.5555708013819561 1.4024299869264423 0.2701532015291333
-0.11143929768933859 -0.5372022112458299 0.2701532015291333 1.4696034111866505

# Matrix 89
0.7199410894935804 -0.08445924159590992 0.12942442734363843 0.023832266961808124
-0.08445924159590992 1.1360234364501045 -0.6792725828346551 -0.4899814440478502
0.12942442734363843 -0.6792725828346551 1.600530057412794 0.3005969232029273
0.023832266961808124 -0.4899814440478502 0.3005969232029273 1.2519483649758258

# Matrix 90
0.7283808475641507 -0.06277659828740403 0.0880654869020319 0.020996797067025275
-0.06277659828740403 1.168717801253909 0.5489566223761468 -0.5645061156211205
0.0880654869020319 0.5489566223761468 1.4886516874341607 -0.3823727489364105
0.020996797067025275 -0.5645061156211205 -0.3823727489364105 1.2577827662642553

# Matrix 91
0.6982204063674459 0.012693905355609585 0.047942275401591294 -0.1297697038186696
0.012693905355609585 1.185724848166489 0.45027885193143874 -0.639867987793557
0.047942275401591294 0.45027885193143874 1.3114107100637176 -0.2972119634372121
-0.1297697038186696 -0.639867987793557 -0.2972119634372121 1.4306968882229243

# Matrix 92
0.6780038779223357 0.07028460767703786 -0.04485979803828359 -0.09245162055844564
0.07028460767703786 1.185504177885636 0.3598013013174407 -0.6341251545958987
-0.04485979803828359 0.3598013013174407 1.2425718091863631 -0.17668350053249865
-0.09245162055844564 -0.6341251545958987 -0.17668350053249865 1.4546375239630276

# Matrix 93
0.6380742388392004 0.02544800719041741 -0.025351358987124983 -0.11432013914000308
0.02544800719041741 1.1191504180185956 0.5000292915794173 -0.5280349961474706
-0.025351358987124983 0.5000292915794173 1.496012094258608 -0.22238636025129377
-0.11432013914000308 -0.5280349961474706 -0.22238636025129377 1.3688279182138914

# Matrix 94
0.6622291826218503 0.10698108808073908 0.03537386789428586 -0.1786724304012951
0.10698108808073908 1.0251964005766068 0.4774586458451073 -0.4409272035033664
0.03537386789428586 0.4774586458451073 1.553164720494114 -0.21208915516518773
-0.1786724304012951 -0.4409272035033664 -0.21208915516518773 1.3427956976446405

# Matrix 95
0.7795220962846121 0.1810675547995833 -0.010241213431325731 -0.2855847350556429
0.1810675547995833 1.13052338509458 0.5054155209202957 -0.500463745151075
-0.010241213431325731 0.5054155209202957 1.428098313832934 -0.15058246398293473
-0.2855847350556429 -0.500463745151075 -0.15058246398293473 1.2692388779050654

# Matrix 96
0.7892844155381532 0.19920144355674155 -0.03727245415524849 -0.24388186831555703
0.19920144355674155 1.0882478808653762 0.5758558779909817 -0.5004750267883262
-0.03727245415524849 0.5758558779909817 1.4997033581337622 -0.2901708737129539
-0.24388186831555703 -0.5004750267883262 -0.2901708737129539 1.3085817328138976

# Matrix 97
0.7728731630091678 0.3055674006835342 0.09769958640903433 -0.3052944127923429
0.3055674006835342 1.1968449663413216 0.5174925466192991 -0.5352916051566313
0.09769958640903433 0.5174925466192991 1.6125011659903594 -0.2833026981936429
-0.3052944127923429 -0.5352916051566313 -0.2833026981936429 1.1498606696415616

# Matrix 98
0.8573733765984379 0.4279736986856807 0.17503893638058154 -0.4575760136136061
0.4279736986856807 1.1365696251761201 0.4659245148080777 -0.6175231439067437
0.17503893638058154 0.4659245148080777 1.5823795232399271 -0.5055910001448398
-0.4575760136136061 -0.6175231439067437 -0.5055910001448398 1.3623722211745701

# Matrix 99
0.871603279592641 0.3771032803652066 0.3775937612926984 -0.5404282114069114
0.3771032803652066 1.0112669633294737 0.4767788283942395 -0.5661815068380839
0.3775937612926984 0.4767788283942395 1.9066567803604562 -0.7573127049084267
-0.5404282114069114 -0.5661815068380839 -0.7573127049084267 1.3951674658586037

# Matrix 100
0.9073431992149597 -0.43903832394989484 -0.20491905216680342 -0.3509466936809663
-0.43903832394989484 1.1294462911045753 0.538073459364309 0.4955607207562484
-0.20491905216680342 0.538073459364309 1.1002505466055954 -0.07493069418541774
-0.3509466936809663 0.4955607207562484 -0.07493069418541774 1.7896151286577306

# Matrix 101
0.9772768407743682 -0.47369579024341885 -0.2362058698066273 -0.3668775105932634
-0.47369579024341885 1.1726178207691411 0.48242528972873 0.5025888876013346
-0.2362058698066273 0.48242528972873 1.033408907266789 -0.1862588021652149
-0.3668775105932634 0.5025888876013346 -0.1862588021652149 1.746283180331838

# Matrix 102
0.9334091214413367 -0.39657406960445024 -0.16762387712956292 -0.44628113063139924
-0.39657406960445024 1.1163623621574847 0.4699119530232968 0.4440930972593422
-0.16762387712956292 0.4699119530232968 0.9895880591014661 -0.27714292814383445
-0.44628113063139924 0.4440930972593422 -0.27714292814383445 1.9814761984237959

# Matrix 103
0.8767041955969415 -0.38753444008093485 -0.167922554018464 -0.41131255831947633
-0.38753444008093485 1.3120425876691044 0.4940039442931684 0.6171542855051764
-0.167922554018464 0.4940039442931684 0.9363046760553537 -0.13761999633419664
-0.41131255831947633 0.6171542855051764 -0.13761999633419664 1.8820982268095865

# Matrix 104
0.9349204579246487 -0.4155641475000684 -0.1674575951000969 -0.525073246693321
-0.4155641475000684 1.3235227297772507 0.5048872968877286 0.6924627328618203
-0.1674575951000969 0.5048872968877286 0.9264727545245424 -0.13519636553692166
-0.525073246693321 0.6924627328618203 -0.13519636553692166 1.9810408016938175

# Matrix 105
0.8770476516555329 -0.43138028193222533 -0.14020849433563026 -0.468056147856295
-0.43138028193222533 1.278739000290325 0.45619763690259507 0.5733459827641607
-0.14020849433563026 0.45619763690259507 0.982499914079862 -0.20676787320905748
-0.468056147856295 0.5733459827641607 -0.20676787320905748 1.8659989476071106

# Matrix 106
0.8924486311444388 -0.45759065869233484 -0.10733166792100714 -0.51556435988275
-0.45759065869233484 1.2794880017352945 0.47082570159711246 0.5834625915358658
-0.10733166792100714 0.47082570159711246 0.9942986271257893 -0.30006523589269996
-0.51556435988275 0.5834625915358658 -0.30006523589269996 2.0027649807401287

# Matrix 107
0.9255696681636838 -0.46445924282327716 -0.19801192728825906 -0.5020435497110952
-0.46445924282327716 1.0311127443486128 0.4079107621252348 0.5574606856946852
-0.19801192728825906 0.4079107621252348 1.1475011737523733 -0.40721235019847224
-0.5020435497110952 0.5574606856946852 -0.40721235019847224 2.168670250296557

# Matrix 108
0.822997959383575 -0.36092794694666824 -0.17166278558856787 -0.44755721764532896
-0.36092794694666824 0.9896179098870372 0.37021457309771494 0.5106082389330239
-0.17166278558856787 0.37021457309771494 1.1148607723341828 -0.28653107824798785
-0.44755721764532896 0.5106082389330239 -0.28653107824798785 2.1100082961878557

# Matrix 109
0.8086333218783571 -0.49926844108569146 -0.27349295126814077 -0.44918481347824685
-0.49926844108569146 1.1155905546078528 0.3619530348343189 0.5609224628475366
-0.27349295126814077 0.3619530348343189 1.1927743604226049 -0.2972797984554216
-0.44918481347824685 0.5609224628475366 -0.2972797984554216 2.0559051861433804

# Matrix 110
0.7622958085325713 0.30579937350854813 -0.1948329241715051 -0.322608290111439
0.30579937350854813 0.9129370078979526 0.1507187416549686 -0.42482329776398114
-0.1948329241715051 0.1507187416549686 1.2354507527176002 0.5283258412267635
-0.322608290111439 -0.42482329776398114 0.5283258412267635 1.9822237539774197

# Matrix 111
0.7737954680089216 0.30071557784285197 -0.35361412450086843 -0.3940697051582851
0.30071557784285197 0.8570947942894185 0.09831609462855383 -0.3537711443195634
-0.35361412450086843 0.09831609462855383 1.3651740271821893 0.5451821105880746
-0.3940697051582851 -0.3537711443195634 0.5451821105880746 1.96519349267733

# Matrix 112
0.7656008274861352 0.39545932610891804 -0.33898370508037035 -0.4608823895105949
0.39545932610891804 0.9559213836429885 0.027176326362360375 -0.34969726907086723
-0.33898370508037035 0.027176326362360375 1.3365614099640573 0.3787732622341464
-0.4608823895105949 -0.34969726907086723 0.3787732622341464 1.86609774427831

# Matrix 113
0.8191201641339364 0.45855283306153694 -0.353709718659224 -0.3988416470994473
0.45855283306153694 0.9331264063635785 0.07037531473024114 -0.1901401515967411
-0.353709718659224 0.07037531473024114 1.3875000170490128 0.5195786592267824
-0.3988416470994473 -0.1901401515967411 0.5195786592267824 1.8944482842901942

# Matrix 114
0.8109507520421426 0.42601470570087274 -0.34549378366947536 -0.5927267600894879
0.42601470570087274 0.8310172915631722 -0.007512203940336368 -0.4628801211713104
-0.34549378366947536 -0.007512203940336368 1.2634266924874957 0.32007999399183745
-0.5927267600894879 -0.4628801211713104 0.32007999399183745 2.386922697110706

# Matrix 115
0.8292010563444261 0.4152510566781599 -0.3838251472807192 -0.559558901681894
0.4152510566781599 0.8749433664497547 0.09509654315078574 -0.5228403978609866
-0.3838251472807192 0.09509654315078574 1.372852554636566 0.24690922790265443
-0.559558901681894 -0.5228403978609866 0.24690922790265443 2.1613788291105913

# Matrix 116
0.8902846413567672 0.4551025253753971 -0.4992574492800412 -0.5826699977045902
0.4551025253753971 0.897513047467245 -0.010397103682239887 -0.5505927185267516
-0.4992574492800412 -0.010397103682239887 1.3460136854326075 0.31595065566936953
-0.5826699977045902 -0.5505927185267516 0.31595065566936953 2.21549318279535

# Matrix 117
0.8949601131444762 0.4481497751087054 -0.4552281180099761 -0.6250682978586322
0.4481497751087054 0.8794241860774232 -0.05807627762818712 -0.5048313054537997
-0.4552281180099761 -0.05807627762818712 1.3761530178987877 0.28499812880894754
-0.6250682978586322 -0.5048313054537997 0.28499812880894754 2.043033503426711

# Matrix 118
0.9088551873774301 0.3988176694659415 -0.33410768543393926 -0.7679164622687971
0.3988176694659415 0.9044616677695958 0.04116251050749952 -0.5144770222639149
-0.33410768543393926 0.04116251050749952 1.19565354089259 0.213181429575103
-0.7679164622687971 -0.5144770222639149 0.213181429575103 2.1648646282564132

# Matrix 119
0.8945085065046526 0.44956523367255175 -0.2685848709475961 -0.7451276534508254
0.44956523367255175 1.0454359831892082 0.06990413895933292 -0.5085519130966607
-0.2685848709475961 0.06990413895933292 1.1410763657232532 0.2614285600190933
-0.7451276534508254 -0.5085519130966607 0.2614285600190933 1.9993860180175256

# Matrix 120
0.9575169584862139 0.311736034367622 -0.2561222281257271 0.41097161385426134
0.311736034367622 0.9520699125874775 0.1740859401818761 -0.004073358079822784
-0.2561222281257271 0.1740859401818761 1.100599777058214 -0.1033739465570265
0.41097161385426134 -0.004073358079822784 -0.1033739465570265 1.4880109385984603

# Matrix 121
0.9644752024059238 0.3413462753455864 -0.26825259452194194 0.4323559572358901
0.3413462753455864 1.1663621201516288 0.2524625573869026 0.042692725142860266
-0.26825259452194194 0.2524625573869026 1.0185660319836165 -0.18062671671427813
0.4323559572358901 0.042692725142860266 -0.18062671671427813 1.4030343143641262

# Matrix 122
0.987968809264085 0.30708252143417886 -0.27656180794443225 0.5022215687469308
0.30708252143417886 1.1665792220076734 0.32237046557105153 0.07215855022587868
