# Matrix 1
1.414213562373095 0.7071067811865471 0.7071067811865469 -0.7071067811865471
0.7071067811865471 1.4142135623730943 -5.432079055801965e-17 7.382975617970216e-16
0.7071067811865469 -5.432079055801965e-17 1.4142135623730958 4.4125181879620214e-16
-0.7071067811865471 7.382975617970216e-16 4.4125181879620214e-16 1.4142135623730936

# Matrix 2
1.4142135623730956 0.707106781186546 0.7071067811865474 0.7071067811865475
0.707106781186546 1.4142135623730911 1.7276183897809145e-16 0.7071067811865476
0.7071067811865474 1.7276183897809145e-16 1.4142135623730958 0.7071067811865478
0.7071067811865475 0.7071067811865476 0.7071067811865478 1.4142135623730963

# Matrix 3
1.414213562373093 -0.7071067811865455 0.7071067811865445 0.7071067811865444
-0.7071067811865455 1.4142135623730943 -0.7071067811865441 2.871669962685481e-15
0.7071067811865445 -0.7071067811865441 1.4142135623730918 0.7071067811865448
0.7071067811865444 2.871669962685481e-15 0.7071067811865448 1.414213562373093

# Matrix 4
1.4142135623730954 -0.7071067811865469 0.7071067811865475 -0.7071067811865467
-0.7071067811865469 1.4142135623730947 5.616855490162677e-16 0.707106781186547
0.7071067811865475 5.616855490162677e-16 1.4142135623730958 -0.7071067811865467
-0.7071067811865467 0.707106781186547 -0.7071067811865467 1.4142135623730927

# Matrix 5
1.4142135623730936 0.7071067811865465 -0.707106781186546 0.7071067811865467
0.7071067811865465 1.4142135623730938 -0.7071067811865468 0.7071067811865464
-0.707106781186546 -0.7071067811865468 1.4142135623730943 -8.529587866708731e-16
0.7071067811865467 0.7071067811865464 -8.529587866708731e-16 1.4142135623730934

# Matrix 6
1.414213562373097 0.707106781186548 -0.7071067811865485 -0.7071067811865483
0.707106781186548 1.4142135623730938 -0.707106781186547 -0.7071067811865474
-0.7071067811865485 -0.707106781186547 1.4142135623730945 6.035316542808627e-16
-0.7071067811865483 -0.7071067811865474 6.035316542808627e-16 1.4142135623730956

# Matrix 7
1.4142135623730954 -0.7071067811865451 0.7071067811865472 0.7071067811865468
-0.7071067811865451 1.4142135623730911 -0.7071067811865464 -0.7071067811865446
0.7071067811865472 -0.7071067811865464 1.4142135623730954 -3.81172435694435e-16
0.7071067811865468 -0.7071067811865446 -3.81172435694435e-16 1.4142135623730938

# Matrix 8
1.414213562373087 0.707106781186543 0.7071067811865426 -0.7071067811865419
0.707106781186543 1.4142135623730967 0.7071067811865455 3.4060252336667737e-15
0.7071067811865426 0.7071067811865455 1.4142135623730945 -0.7071067811865446
-0.7071067811865419 3.4060252336667737e-15 -0.7071067811865446 1.4142135623730905

# Matrix 9
1.4142135623730938 -0.7071067811865464 -0.7071067811865462 -0.7071067811865458
-0.7071067811865464 1.4142135623730956 0.7071067811865472 -1.2427492071297585e-15
-0.7071067811865462 0.7071067811865472 1.414213562373094 0.7071067811865461
-0.7071067811865458 -1.2427492071297585e-15 0.7071067811865461 1.4142135623730934

# Matrix 10
1.4142135623730943 -0.707106781186546 0.7071067811865467 -0.7071067811865468
-0.707106781186546 1.4142135623730943 -0.7071067811865462 0.7071067811865469
0.7071067811865467 -0.7071067811865462 1.4142135623730936 4.2788380607587657e-16
-0.7071067811865468 0.7071067811865469 4.2788380607587657e-16 1.4142135623730951

# Matrix 11
1.4142135623730958 0.7071067811865464 -0.7071067811865478 -0.7071067811865465
0.7071067811865464 1.4142135623730934 2.0956196739095217e-16 -0.7071067811865461
-0.7071067811865478 2.0956196739095217e-16 1.4142135623730951 0.7071067811865466
-0.7071067811865465 -0.7071067811865461 0.7071067811865466 1.414213562373093

# Matrix 12
1.4142135623730936 -0.7071067811865466 -0.7071067811865467 -0.7071067811865452
-0.7071067811865466 1.4142135623730951 0.7071067811865476 0.707106781186546
-0.7071067811865467 0.7071067811865476 1.4142135623730943 -7.883332409284094e-16
-0.7071067811865452 0.707106781186546 -7.883332409284094e-16 1.4142135623730934

# Matrix 13
1.4142135623730938 0.7071067811865462 0.7071067811865464 -0.7071067811865451
0.7071067811865462 1.414213562373093 0.7071067811865466 -0.7071067811865452
0.7071067811865464 0.7071067811865466 1.4142135623730954 1.2943765496485522e-15
-0.7071067811865451 -0.7071067811865452 1.2943765496485522e-15 1.4142135623730925

# Matrix 14
1.4142135623730938 -0.7071067811865464 0.7071067811865466 -0.7071067811865455
-0.7071067811865464 1.4142135623730947 1.3661231779249192e-16 -1.3205940799513956e-15
0.7071067811865466 1.3661231779249192e-16 1.4142135623730954 7.7866881947017775e-16
-0.7071067811865455 -1.3205940799513956e-15 7.7866881947017775e-16 1.4142135623730916

# Matrix 15
1.4142135623730934 -0.7071067811865466 0.7071067811865462 0.7071067811865465
-0.7071067811865466 1.4142135623730945 1.7987511986005778e-15 -0.7071067811865461
0.7071067811865462 1.7987511986005778e-15 1.414213562373095 0.7071067811865467
0.7071067811865465 -0.7071067811865461 0.7071067811865467 1.4142135623730947

# Matrix 16
1.4142135623730967 0.7071067811865479 -0.7071067811865479 0.707106781186548
0.7071067811865479 1.4142135623730945 6.636857973562426e-16 0.7071067811865485
-0.7071067811865479 6.636857973562426e-16 1.4142135623730958 -0.7071067811865464
0.707106781186548 0.7071067811865485 -0.7071067811865464 1.4142135623730947

# Matrix 17
1.4142135623730934 -0.7071067811865464 -0.7071067811865462 0.7071067811865466
-0.7071067811865464 1.414213562373094 0.7071067811865461 9.445186008651371e-16
-0.7071067811865462 0.7071067811865461 1.4142135623730945 -0.7071067811865466
0.7071067811865466 9.445186008651371e-16 -0.7071067811865466 1.4142135623730947

# Matrix 18
1.4142135623730951 0.7071067811865476 -0.7071067811865475 0.707106781186547
0.7071067811865476 1.414213562373095 -1.9967907009017433e-17 -8.881169704756403e-16
-0.7071067811865475 -1.9967907009017433e-17 1.4142135623730945 -4.916447112099366e-16
0.707106781186547 -8.881169704756403e-16 -4.916447112099366e-16 1.4142135623730947

# Matrix 19
1.414213562373094 -1.6311658448240379e-15 -0.7071067811865445 0.707106781186546
-1.6311658448240379e-15 1.4142135623730954 -0.7071067811865469 0.7071067811865468
-0.7071067811865445 -0.7071067811865469 1.4142135623730931 -0.7071067811865457
0.707106781186546 0.7071067811865468 -0.7071067811865457 1.414213562373093

# Matrix 20
1.4142135623730967 0.7071067811865474 0.7071067811865481 0.7071067811865479
0.7071067811865474 1.414213562373096 0.7071067811865506 0.7071067811865472
0.7071067811865481 0.7071067811865506 1.414213562373097 1.3276519978053231e-15
0.7071067811865479 0.7071067811865472 1.3276519978053231e-15 1.414213562373093

# Matrix 21
1.4142135623730925 -0.7071067811865437 -0.7071067811865461 0.7071067811865436
-0.7071067811865437 1.4142135623730943 0.707106781186546 -0.7071067811865461
-0.7071067811865461 0.707106781186546 1.4142135623730938 1.0995959278813767e-15
0.7071067811865436 -0.7071067811865461 1.0995959278813767e-15 1.414213562373093

# Matrix 22
1.4142135623731016 0.7071067811865488 0.7071067811865474 0.7071067811865491
0.7071067811865488 1.4142135623730894 0.7071067811865427 -1.5824922960569572e-15
0.7071067811865474 0.7071067811865427 1.414213562373091 0.707106781186546
0.7071067811865491 -1.5824922960569572e-15 0.707106781186546 1.4142135623730963

# Matrix 23
1.414213562373097 0.7071067811865483 -0.707106781186546 -0.7071067811865482
0.7071067811865483 1.4142135623730905 7.597375608688763e-16 -5.8943187954645114e-15
-0.707106781186546 7.597375608688763e-16 1.4142135623730954 -1.592753341323875e-15
-0.7071067811865482 -5.8943187954645114e-15 -1.592753341323875e-15 1.414213562373092

# Matrix 24
1.4142135623730945 -0.7071067811865466 0.7071067811865455 -0.7071067811865459
-0.7071067811865466 1.4142135623730936 -0.7071067811865465 -8.755523980026328e-16
0.7071067811865455 -0.7071067811865465 1.4142135623730943 -0.7071067811865461
-0.7071067811865459 -8.755523980026328e-16 -0.7071067811865461 1.4142135623730938

# Matrix 25
1.4142135623730943 0.707106781186547 0.7071067811865462 -0.707106781186547
0.707106781186547 1.4142135623730938 -5.360340844618029e-16 -0.707106781186547
0.7071067811865462 -5.360340844618029e-16 1.414213562373094 -0.7071067811865466
-0.707106781186547 -0.707106781186547 -0.7071067811865466 1.4142135623730951

# Matrix 26
1.4142135623730943 -0.7071067811865466 -0.7071067811865469 -0.7071067811865467
-0.7071067811865466 1.414213562373094 -3.255608842996004e-16 0.7071067811865468
-0.7071067811865469 -3.255608842996004e-16 1.4142135623730958 0.707106781186547
-0.7071067811865467 0.7071067811865468 0.707106781186547 1.4142135623730938

# Matrix 27
1.4142135623730943 0.7071067811865464 -0.7071067811865457 -0.7071067811865465
0.7071067811865464 1.4142135623730934 -0.7071067811865462 1.0795741920115517e-15
-0.7071067811865457 -0.7071067811865462 1.4142135623730938 0.7071067811865458
-0.7071067811865465 1.0795741920115517e-15 0.7071067811865458 1.4142135623730945

# Matrix 28
1.4142135623731031 6.800963233876017e-15 -0.7071067811865461 0.707106781186545
6.800963233876017e-15 1.4142135623730825 0.707106781186532 -0.707106781186536
-0.7071067811865461 0.707106781186532 1.4142135623730856 -0.7071067811865408
0.707106781186545 -0.707106781186536 -0.7071067811865408 1.414213562373085

# Matrix 29
1.4142135623730936 -0.7071067811865461 -0.7071067811865461 0.7071067811865458
-0.7071067811865461 1.4142135623730923 -1.2402380250285489e-15 -0.7071067811865458
-0.7071067811865461 -1.2402380250285489e-15 1.4142135623730958 -0.7071067811865457
0.7071067811865458 -0.7071067811865458 -0.7071067811865457 1.4142135623730934

# Matrix 30
1.414213562373096 0.7071067811865477 -0.7071067811865475 0.7071067811865478
0.7071067811865477 1.4142135623730938 -0.7071067811865467 -7.075034569902304e-16
-0.7071067811865475 -0.7071067811865467 1.4142135623730951 -0.7071067811865468
0.7071067811865478 -7.075034569902304e-16 -0.7071067811865468 1.414213562373095

# Matrix 31
1.4142135623731271 -1.877469275529463e-14 0.7071067811865429 -0.7071067811865549
-1.877469275529463e-14 1.414213562373061 0.7071067811865186 -0.70710678118651
0.7071067811865429 0.7071067811865186 1.4142135623730736 -0.707106781186523
-0.7071067811865549 -0.70710678118651 -0.707106781186523 1.4142135623730734

# Matrix 32
1.4142135623730965 -2.4048508929080353e-16 0.7071067811865481 0.7071067811865481
-2.4048508929080353e-16 1.414213562373095 -0.7071067811865472 0.7071067811865467
0.7071067811865481 -0.7071067811865472 1.4142135623730947 4.769565105775972e-16
0.7071067811865481 0.7071067811865467 4.769565105775972e-16 1.4142135623730943

# Matrix 33
1.4142135623730947 0.707106781186547 0.7071067811865471 0.7071067811865472
0.707106781186547 1.4142135623730925 1.185702082865432e-15 -4.1671742458906654e-16
0.7071067811865471 1.185702082865432e-15 1.4142135623730943 4.3216598985797507e-16
0.7071067811865472 -4.1671742458906654e-16 4.3216598985797507e-16 1.4142135623730958

# Matrix 34
1.414213562373096 -0.7071067811865479 -0.7071067811865479 0.7071067811865478
-0.7071067811865479 1.4142135623730945 4.3500651811756723e-16 -4.383242610816556e-16
-0.7071067811865479 4.3500651811756723e-16 1.4142135623730934 -1.1570324296837346e-15
0.7071067811865478 -4.383242610816556e-16 -1.1570324296837346e-15 1.414213562373095

# Matrix 35
1.4142135623730938 -0.7071067811865458 -0.7071067811865462 -0.7071067811865462
-0.7071067811865458 1.4142135623730925 -9.727892782642138e-16 -2.216092435491096e-15
-0.7071067811865462 -9.727892782642138e-16 1.4142135623730947 -6.978013654026005e-16
-0.7071067811865462 -2.216092435491096e-15 -6.978013654026005e-16 1.4142135623730958

# Matrix 36
1.414213562373095 9.787615814624358e-16 -0.7071067811865454 0.7071067811865474
9.787615814624358e-16 1.4142135623730945 0.7071067811865466 0.7071067811865467
-0.7071067811865454 0.7071067811865466 1.414213562373092 6.558257643570123e-16
0.7071067811865474 0.7071067811865467 6.558257643570123e-16 1.4142135623730943

# Matrix 37
1.414213562373111 2.4997569853917223e-15 -0.7071067811865533 -0.7071067811865496
2.4997569853917223e-15 1.4142135623730825 0.7071067811865389 0.7071067811865381
-0.7071067811865533 0.7071067811865389 1.4142135623730907 0.7071067811865439
-0.7071067811865496 0.7071067811865381 0.7071067811865439 1.4142135623730883

# Matrix 38
1.4142135623730874 -1.223644121176315e-15 0.7071067811865428 0.7071067811865416
-1.223644121176315e-15 1.4142135623730863 -0.7071067811865416 -0.7071067811865424
0.7071067811865428 -0.7071067811865416 1.414213562373092 0.7071067811865474
0.7071067811865416 -0.7071067811865424 0.7071067811865474 1.4142135623730916

# Matrix 39
1.4142135623730934 -0.7071067811865462 0.7071067811865462 0.7071067811865462
-0.7071067811865462 1.4142135623730951 6.87515607982753e-16 1.4878959259689858e-15
0.7071067811865462 6.87515607982753e-16 1.4142135623730943 1.1261252974223162e-16
0.7071067811865462 1.4878959259689858e-15 1.1261252974223162e-16 1.4142135623730934

# Matrix 40
1.4142135623730974 2.1377042134702173e-15 0.707106781186548 0.7071067811865486
2.1377042134702173e-15 1.4142135623730916 0.7071067811865465 -0.7071067811865439
0.707106781186548 0.7071067811865465 1.414213562373094 9.319464879581329e-16
0.7071067811865486 -0.7071067811865439 9.319464879581329e-16 1.414213562373094

# Matrix 41
1.4142135623730903 4.128345068708612e-15 0.7071067811865421 -0.707106781186543
4.128345068708612e-15 1.4142135623730965 0.7071067811865502 0.7071067811865451
0.7071067811865421 0.7071067811865502 1.4142135623730927 4.9657805011134534e-15
-0.707106781186543 0.7071067811865451 4.9657805011134534e-15 1.414213562373091

# Matrix 42
1.4142135623730958 -3.912947582876645e-16 -0.7071067811865475 -0.7071067811865471
-3.912947582876645e-16 1.4142135623730936 -0.7071067811865464 -0.7071067811865461
-0.7071067811865475 -0.7071067811865464 1.4142135623730947 0.7071067811865465
-0.7071067811865471 -0.7071067811865461 0.7071067811865465 1.4142135623730936

# Matrix 43
1.4142135623730938 5.675271878006601e-16 -0.7071067811865462 -0.7071067811865462
5.675271878006601e-16 1.4142135623730943 0.7071067811865469 -0.7071067811865469
-0.7071067811865462 0.7071067811865469 1.4142135623730936 -1.139885475976151e-15
-0.7071067811865462 -0.7071067811865469 -1.139885475976151e-15 1.4142135623730945

# Matrix 44
1.4142135623730858 -8.694924738084037e-15 0.7071067811865405 0.7071067811865307
-8.694924738084037e-15 1.414213562373087 0.7071067811865351 0.7071067811865359
0.7071067811865405 0.7071067811865351 1.4142135623730885 0.7071067811865313
0.7071067811865307 0.7071067811865359 0.7071067811865313 1.4142135623730798

# Matrix 45
1.4142135623730947 1.2546827752007493e-15 0.707106781186547 -0.7071067811865469
1.2546827752007493e-15 1.4142135623730931 -0.7071067811865448 0.7071067811865454
0.707106781186547 -0.7071067811865448 1.4142135623730936 -0.7071067811865465
-0.7071067811865469 0.7071067811865454 -0.7071067811865465 1.4142135623730938

# Matrix 46
1.4142135623730958 1.0114613241266273e-15 -0.7071067811865468 0.7071067811865462
1.0114613241266273e-15 1.4142135623730943 -0.7071067811865475 -0.7071067811865455
-0.7071067811865468 -0.7071067811865475 1.4142135623730938 -2.1371337792376918e-16
0.7071067811865462 -0.7071067811865455 -2.1371337792376918e-16 1.4142135623730923

# Matrix 47
1.3374806099528487 0.6687403049764201 0.6687403049764228 0.6687403049764196
0.6687403049764201 1.3374806099528385 0.6687403049764195 0.668740304976417
0.6687403049764228 0.6687403049764195 1.3374806099528418 0.6687403049764244
0.6687403049764196 0.668740304976417 0.6687403049764244 1.3374806099528431

# Matrix 48
1.4142135655918928 0.7071067666676178 0.7071067816048784 -0.7071067660000829
0.7071067666676178 1.4142135418941282 -7.227379600178043e-9 -0.7071067608632429
0.7071067816048784 -7.227379600178043e-9 1.4142135646479104 -0.7071067738014319
-0.7071067660000829 -0.7071067608632429 -0.7071067738014319 1.4142135427768094

# Matrix 49
1.4142135623730938 6.044630817267796e-16 0.7071067811865444 -0.7071067811865445
6.044630817267796e-16 1.4142135623730938 -0.707106781186545 -0.7071067811865398
0.7071067811865444 -0.707106781186545 1.4142135623730918 -4.2307607333250713e-16
-0.7071067811865445 -0.7071067811865398 -4.2307607333250713e-16 1.4142135623730843

