# Matrix 1
1.4142135623730925 -0.7071067811865461 -0.7071067811865461 -0.7071067811865459
-0.7071067811865461 1.414213562373094 -1.4996301131777158e-15 1.6161828847212997e-16
-0.7071067811865461 -1.4996301131777158e-15 1.4142135623730951 -8.091542764474496e-16
-0.7071067811865459 1.6161828847212997e-16 -8.091542764474496e-16 1.4142135623730943

Energy at Q: 0.2857644965889112

# Matrix 2
1.4142135623731031 -0.7071067811864148 0.7071067811865435 -0.7071067811864012
-0.7071067811864148 1.4142135623728385 5.19717015916802e-15 0.7071067811864082
0.7071067811865435 5.19717015916802e-15 1.414213562373222 -0.707106781186383
-0.7071067811864012 0.7071067811864082 -0.707106781186383 1.4142135623727812

Energy at Q: 0.2857644965889215

# Matrix 3
1.4142135623730956 5.691550067610063e-16 0.7071067811865474 -0.7071067811865459
5.691550067610063e-16 1.4142135623730918 -0.7071067811865447 0.707106781186544
0.7071067811865474 -0.7071067811865447 1.4142135623730927 -0.7071067811865442
-0.7071067811865459 0.707106781186544 -0.7071067811865442 1.4142135623730927

Energy at Q: 0.28576449658890946

# Matrix 4
1.414213562373138 0.7071067811864841 0.7071067811865673 -0.7071067811864834
0.7071067811864841 1.414213562372966 2.6109527309268037e-15 -0.7071067811864885
0.7071067811865673 2.6109527309268037e-15 1.4142135623731378 -0.7071067811864794
-0.7071067811864834 -0.7071067811864885 -0.7071067811864794 1.414213562372965

Energy at Q: 0.2857644965889067

# Matrix 5
1.4142135623733414 0.7071067811863352 -0.7071067811865862 0.707106781186339
0.7071067811863352 1.4142135623726066 -0.7071067811862676 0.7071067811863511
-0.7071067811865862 -0.7071067811862676 1.4142135623732541 7.035621564415597e-15
0.707106781186339 0.7071067811863511 7.035621564415597e-15 1.414213562372539

Energy at Q: 0.2857644965889203

# Matrix 6
1.4142135623730945 0.7071067811865467 0.7071067811865455 -0.7071067811865458
0.7071067811865467 1.4142135623730931 0.7071067811865468 -1.49197100162539e-16
0.7071067811865455 0.7071067811865468 1.4142135623730938 -0.7071067811865452
-0.7071067811865458 -1.49197100162539e-16 -0.7071067811865452 1.4142135623730931

Energy at Q: 0.2857644965889106

# Matrix 7
1.4142135623731271 0.7071067811865552 0.7071067811864604 0.7071067811864692
0.7071067811865552 1.414213562373143 0.7071067811864576 -1.0584031156067919e-14
0.7071067811864604 0.7071067811864576 1.4142135623729217 0.7071067811864636
0.7071067811864692 -1.0584031156067919e-14 0.7071067811864636 1.4142135623729544

Energy at Q: 0.28576449658892633

# Matrix 8
1.4142135623730943 -0.7071067811865469 -0.7071067811865462 -0.7071067811865458
-0.7071067811865469 1.4142135623730936 0.7071067811865468 3.9859273673555827e-16
-0.7071067811865462 0.7071067811865468 1.4142135623730945 0.7071067811865464
-0.7071067811865458 3.9859273673555827e-16 0.7071067811865464 1.414213562373093

Energy at Q: 0.2857644965889119

# Matrix 9
1.4142135623731302 -0.7071067811865606 -0.7071067811865268 -0.7071067811865562
-0.7071067811865606 1.4142135623730516 3.963488254470874e-15 0.7071067811865377
-0.7071067811865268 3.963488254470874e-15 1.414213562373061 0.7071067811865375
-0.7071067811865562 0.7071067811865377 0.7071067811865375 1.414213562373106

Energy at Q: 0.28576449658892306

# Matrix 10
1.4142135623731753 -0.707106781186438 -0.7071067811864843 -0.7071067811865172
-0.707106781186438 1.4142135623728576 0.7071067811864267 0.7071067811864253
-0.7071067811864843 0.7071067811864267 1.4142135623729846 -3.4898477688299256e-14
-0.7071067811865172 0.7071067811864253 -3.4898477688299256e-14 1.414213562373061

Energy at Q: 0.2857644965889169

# Matrix 11
1.414213562373093 -0.7071067811865449 0.7071067811865449 -0.7071067811865458
-0.7071067811865449 1.4142135623730923 -0.7071067811865452 -1.9818326715033105e-15
0.7071067811865449 -0.7071067811865452 1.4142135623730943 -0.7071067811865461
-0.7071067811865458 -1.9818326715033105e-15 -0.7071067811865461 1.4142135623730945

Energy at Q: 0.28576449658890957

# Matrix 12
1.4142135623730878 3.1526437927016257e-15 -0.7071067811865435 0.7071067811865411
3.1526437927016257e-15 1.4142135623730874 -0.7071067811865417 0.707106781186541
-0.7071067811865435 -0.7071067811865417 1.4142135623730905 -0.7071067811865471
0.7071067811865411 0.707106781186541 -0.7071067811865471 1.4142135623730887

Energy at Q: 0.2857644965888148

# Matrix 13
1.4142135623732797 0.7071067811863666 -0.7071067811865924 -0.7071067811863624
0.7071067811863666 1.4142135623727095 -0.7071067811863384 -0.7071067811863953
-0.7071067811865924 -0.7071067811863384 1.4142135623731593 2.4467085404544934e-14
-0.7071067811863624 -0.7071067811863953 2.4467085404544934e-14 1.4142135623727057

Energy at Q: 0.2857644965889277

# Matrix 14
1.4142135623764278 -0.7071067811840022 0.7071067811874938 0.7071067811831845
-0.7071067811840022 1.4142135623661074 -7.068012028870462e-13 -0.7071067811829304
0.7071067811874938 -7.068012028870462e-13 1.4142135623753052 0.707106781184332
0.7071067811831845 -0.7071067811829304 0.707106781184332 1.4142135623664012

Energy at Q: 0.2857644965889182

# Matrix 15
1.4142135623730887 0.7071067811865395 -0.7071067811865416 0.707106781186542
0.7071067811865395 1.4142135623730865 4.473290508554196e-17 -1.4806189588462122e-15
-0.7071067811865416 4.473290508554196e-17 1.4142135623730874 -7.881040164434157e-16
0.707106781186542 -1.4806189588462122e-15 -7.881040164434157e-16 1.4142135623730856

Energy at Q: 0.28576449658879555

# Matrix 16
1.4142135623731082 0.7071067811865496 -0.707106781186514 -0.7071067811865193
0.7071067811865496 1.4142135623731216 -0.7071067811865126 -3.295776959437208e-15
-0.707106781186514 -0.7071067811865126 1.414213562373029 0.707106781186516
-0.7071067811865193 -3.295776959437208e-15 0.707106781186516 1.4142135623730256

Energy at Q: 0.2857644965889207

# Matrix 17
1.414213562373092 -0.7071067811865448 -0.7071067811865434 0.7071067811865458
-0.7071067811865448 1.4142135623730914 0.7071067811865428 3.784731454616271e-15
-0.7071067811865434 0.7071067811865428 1.4142135623730925 -0.7071067811865449
0.7071067811865458 3.784731454616271e-15 -0.7071067811865449 1.414213562373096

Energy at Q: 0.2857644965889135

# Matrix 18
1.41421356237336 0.707106781186235 -0.7071067811865669 0.7071067811862478
0.707106781186235 1.4142135623724565 -3.2387910584673625e-15 0.7071067811862349
-0.7071067811865669 -3.2387910584673625e-15 1.4142135623731582 -0.7071067811862682
0.7071067811862478 0.7071067811862349 -0.7071067811862682 1.414213562372517

Energy at Q: 0.28576449658892017

# Matrix 19
1.414213562373975 0.7071067811868662 0.7071067811867382 0.7071067811849369
0.7071067811868662 1.4142135623738346 -1.711581979004631e-12 0.7071067811849372
0.7071067811867382 -1.711581979004631e-12 1.4142135623736938 0.7071067811849419
0.7071067811849369 0.7071067811849372 0.7071067811849419 1.4142135623698817

Energy at Q: 0.2857644965889223

# Matrix 20
1.4142135623730938 0.707106781186546 0.7071067811865455 0.7071067811865462
0.707106781186546 1.4142135623730934 0.7071067811865441 0.7071067811865482
0.7071067811865455 0.7071067811865441 1.414213562373093 -1.2163150816814242e-15
0.7071067811865462 0.7071067811865482 -1.2163150816814242e-15 1.4142135623730951

Energy at Q: 0.28576449658891817

# Matrix 21
1.41421356237259 0.7071067811862763 -0.7071067811862838 -0.7071067811862527
0.7071067811862763 1.4142135623732741 3.705913336321154e-13 -0.7071067811862543
-0.7071067811862838 3.705913336321154e-13 1.4142135623732561 0.7071067811862531
-0.7071067811862527 -0.7071067811862543 0.7071067811862531 1.4142135623725078

Energy at Q: 0.28576449658892433

# Matrix 22
1.4142135623731529 0.7071067811864937 0.7071067811865629 -0.7071067811864953
0.7071067811864937 1.4142135623729803 0.7071067811864761 -0.7071067811865144
0.7071067811865629 0.7071067811864761 1.4142135623731102 -1.2877381132951595e-14
-0.7071067811864953 -0.7071067811865144 -1.2877381132951595e-14 1.4142135623729826

Energy at Q: 0.28576449658891667

# Matrix 23
1.4142135623730878 1.6659403169878864e-15 0.7071067811865419 0.7071067811865421
1.6659403169878864e-15 1.4142135623730883 0.7071067811865417 0.7071067811865419
0.7071067811865419 0.7071067811865417 1.4142135623730894 0.7071067811865477
0.7071067811865421 0.7071067811865419 0.7071067811865477 1.4142135623730907

Energy at Q: 0.28576449658877734

# Matrix 24
1.4142135623730951 -0.707106781186546 -0.707106781186546 0.7071067811865458
-0.707106781186546 1.4142135623730925 -1.3109561306024432e-15 -0.7071067811865454
-0.707106781186546 -1.3109561306024432e-15 1.4142135623730943 -0.7071067811865454
0.7071067811865458 -0.7071067811865454 -0.7071067811865454 1.4142135623730923

Energy at Q: 0.28576449658892283

# Matrix 25
1.414213562373092 -2.1817295637312653e-15 -0.7071067811865447 0.7071067811865457
-2.1817295637312653e-15 1.4142135623730931 -0.7071067811865448 -0.7071067811865467
-0.7071067811865447 -0.7071067811865448 1.4142135623730931 2.726914557808935e-16
0.7071067811865457 -0.7071067811865467 2.726914557808935e-16 1.4142135623730936

Energy at Q: 0.28576449658891023

# Matrix 26
1.4142135623730867 -1.9776828663168937e-15 0.7071067811865427 0.7071067811865419
-1.9776828663168937e-15 1.4142135623730858 -0.7071067811865422 -0.7071067811865408
0.7071067811865427 -0.7071067811865422 1.414213562373093 0.7071067811865477
0.7071067811865419 -0.7071067811865408 0.7071067811865477 1.4142135623730903

Energy at Q: 0.285764496588831

# Matrix 27
1.4142135623730905 -0.7071067811865438 0.7071067811865449 0.7071067811865444
-0.7071067811865438 1.4142135623730931 -0.7071067811865459 2.251862462573189e-15
0.7071067811865449 -0.7071067811865459 1.414213562373095 0.7071067811865458
0.7071067811865444 2.251862462573189e-15 0.7071067811865458 1.4142135623730936

Energy at Q: 0.285764496588916

# Matrix 28
1.414213562373093 0.7071067811865436 0.7071067811865462 -0.7071067811865457
0.7071067811865436 1.414213562373093 -7.28219002710036e-16 3.580084652446958e-15
0.7071067811865462 -7.28219002710036e-16 1.4142135623730947 2.620964486833936e-16
-0.7071067811865457 3.580084652446958e-15 2.620964486833936e-16 1.414213562373092

Energy at Q: 0.2857644965889097

# Matrix 29
1.4142135623755772 -3.067132707326738e-13 -0.7071067811870989 -0.7071067811874288
-3.067132707326738e-13 1.4142135623711145 -0.707106781184871 -0.7071067811849101
-0.7071067811870989 -0.707106781184871 1.4142135623717846 0.7071067811853851
-0.7071067811874288 -0.7071067811849101 0.7071067811853851 1.414213562372329

Energy at Q: 0.28576449658886005

# Matrix 30
1.4142135623730931 1.5274336648852434e-15 -0.7071067811865454 -0.7071067811865458
1.5274336648852434e-15 1.4142135623730931 0.7071067811865444 0.7071067811865454
-0.7071067811865454 0.7071067811865444 1.414213562373094 0.7071067811865432
-0.7071067811865458 0.7071067811865454 0.7071067811865432 1.4142135623730923

Energy at Q: 0.28576449658891756

# Matrix 31
1.414213562373098 0.7071067811865476 -0.707106781186549 0.7071067811865489
0.7071067811865476 1.4142135623730916 -0.7071067811865444 -1.8012191580179048e-15
-0.707106781186549 -0.7071067811865444 1.4142135623730938 -0.7071067811865468
0.7071067811865489 -1.8012191580179048e-15 -0.7071067811865468 1.4142135623730963

Energy at Q: 0.2857644965889141

# Matrix 32
1.4142135623730894 2.6271351785091196e-15 -0.7071067811865412 -0.7071067811865432
2.6271351785091196e-15 1.4142135623730958 0.7071067811865466 -0.7071067811865472
-0.7071067811865412 0.7071067811865466 1.4142135623730916 -4.0485467514288634e-15
-0.7071067811865432 -0.7071067811865472 -4.0485467514288634e-15 1.4142135623730918

Energy at Q: 0.28576449658890873

# Matrix 33
1.4142135623730885 -0.707106781186538 0.7071067811865402 0.7071067811865428
-0.707106781186538 1.4142135623730863 9.75768828151897e-15 1.3910425089481565e-14
0.7071067811865402 9.75768828151897e-15 1.4142135623730951 5.80653939968508e-15
0.7071067811865428 1.3910425089481565e-14 5.80653939968508e-15 1.414213562373092

Energy at Q: 0.2857644965888082

# Matrix 34
1.414213562373088 0.7071067811865406 -0.70710678118654 -0.7071067811865397
0.7071067811865406 1.4142135623730794 1.9752163462562305e-14 -2.616034139066401e-14
-0.70710678118654 1.9752163462562305e-14 1.414213562373113 -8.634769237910604e-15
-0.7071067811865397 -2.616034139066401e-14 -8.634769237910604e-15 1.4142135623730647

Energy at Q: 0.2857644965888505

# Matrix 35
1.4142135623730911 1.7549201912741252e-15 0.7071067811865448 0.7071067811865454
1.7549201912741252e-15 1.4142135623730916 -0.7071067811865441 0.7071067811865454
0.7071067811865448 -0.7071067811865441 1.4142135623730925 8.333048188097781e-16
0.7071067811865454 0.7071067811865454 8.333048188097781e-16 1.4142135623730943

Energy at Q: 0.2857644965889069

# Matrix 36
1.414213562373091 -0.7071067811865422 0.7071067811865426 -0.7071067811865435
-0.7071067811865422 1.4142135623730874 -1.9565027591606055e-15 1.1411925978359915e-15
0.7071067811865426 -1.9565027591606055e-15 1.4142135623730883 -8.311197357774182e-16
-0.7071067811865435 1.1411925978359915e-15 -8.311197357774182e-16 1.414213562373085

Energy at Q: 0.2857644965888331

# Matrix 37
1.4142135623730898 0.7071067811865425 0.7071067811865414 0.7071067811865421
0.7071067811865425 1.4142135623730883 2.0833046885083075e-15 7.551231942460367e-16
0.7071067811865414 2.0833046885083075e-15 1.4142135623730856 9.267807654442347e-16
0.7071067811865421 7.551231942460367e-16 9.267807654442347e-16 1.4142135623730845

Energy at Q: 0.2857644965888364

# Matrix 38
1.4142135623730916 -0.7071067811865431 -0.7071067811865428 0.7071067811865428
-0.7071067811865431 1.4142135623730878 3.781938741921404e-15 -6.947575154031757e-16
-0.7071067811865428 3.781938741921404e-15 1.4142135623730858 -8.59412681198443e-17
0.7071067811865428 -6.947575154031757e-16 -8.59412681198443e-17 1.414213562373086

Energy at Q: 0.2857644965888503

# Matrix 39
1.414213562373086 1.931857305835345e-15 0.7071067811865415 -0.7071067811865409
1.931857305835345e-15 1.414213562373086 0.7071067811865405 -0.7071067811865402
0.7071067811865415 0.7071067811865405 1.4142135623730894 -0.7071067811865475
-0.7071067811865409 -0.7071067811865402 -0.7071067811865475 1.4142135623730896

Energy at Q: 0.2857644965888632

# Matrix 40
1.4142135623730927 5.443843325852772e-15 0.7071067811865449 -0.7071067811865417
5.443843325852772e-15 1.414213562373088 0.7071067811865465 0.7071067811865401
0.7071067811865449 0.7071067811865465 1.4142135623730934 2.105277170140346e-16
-0.7071067811865417 0.7071067811865401 2.105277170140346e-16 1.4142135623730896

Energy at Q: 0.28576449658890546

# Matrix 41
1.4142135623730874 -4.881742879485979e-15 0.7071067811865399 0.7071067811865418
-4.881742879485979e-15 1.414213562373082 0.7071067811865371 -0.7071067811865416
0.7071067811865399 0.7071067811865371 1.4142135623730898 -7.261973168800875e-15
0.7071067811865418 -0.7071067811865416 -7.261973168800875e-15 1.4142135623730916

Energy at Q: 0.28576449658884845

# Matrix 42
1.4142135623730943 -1.5620867463914583e-16 -0.7071067811865464 0.7071067811865467
-1.5620867463914583e-16 1.4142135623730931 0.7071067811865466 0.7071067811865455
-0.7071067811865464 0.7071067811865466 1.4142135623730936 1.0833469786106845e-15
0.7071067811865467 0.7071067811865455 1.0833469786106845e-15 1.414213562373094

Energy at Q: 0.28576449658891717

