# Equivalence Class 1
## Gram matrix Q
1.8114807074272674  -0.9057257454109863  -(1//2)^(1//7)  0.9057348909020648  0.9057222909259928  0.9057256867693734  -0.9057396530192235
-0.9057257454109863  1.8114254241873493  0.905665030101576  -0.9057026809174862  7.759823631650495e-5  4.55597653415023e-5  0.9057490424922178
-(1//2)^(1//7)  0.905665030101576  1.8113870505924219  -0.9056882970790043  -0.9056465453012454  -0.9056931196407585  (1//5)^7
0.9057348909020648  -0.9057026809174862  -0.9056882970790043  1.8114561343197304  0.905692007190421  -2.5661203374930304e-5  -0.9057529786526857
0.9057222909259928  7.759823631650495e-5  -0.9056465453012454  0.905692007190421  1.8113980439375643  0.9056929599016892  -(1//7)^6
0.9057256867693734  4.55597653415023e-5  -0.9056931196407585  -2.5661203374930304e-5  0.9056929599016892  (2663//7)^(1//10)  (1//5)^8
-0.9057396530192235  0.9057490424922178  (1//5)^7  -0.9057529786526857  -(1//7)^6  (1//5)^8  1.8114773239118696

############################################################

# Equivalence Class 2
## Gram matrix Q
1.6572314647257633  -0.552234519885529  -0.5523108604703377  -0.5528332362879864  -0.5530842226697654  -0.5528285033874726  -0.5524991809255734
-0.552234519885529  (25//2)^(1//5)  0.5520541133659281  -0.5521605214919193  -0.5514651482172964  -0.551719548904273  -0.5524282864554965
-0.5523108604703377  0.5520541133659281  1.6564811162772095  0.5526325823917619  0.5533332752558741  -0.5517943915817783  0.5524454964582621
-0.5528332362879864  -0.5521605214919193  0.5526325823917619  1.6572234098111307  0.5516500823038888  0.551906688946928  0.5522403681535921
-0.5530842226697654  -0.5514651482172964  0.5533332752558741  0.5516500823038888  1.6552456988719357  0.5506993746732953  0.5520550422648981
-0.5528285033874726  -0.551719548904273  -0.5517943915817783  0.551906688946928  0.5506993746732953  1.656269375448278  0.5521750055864589
-0.5524991809255734  -0.5524282864554965  0.5524454964582621  0.5522403681535921  0.5520550422648981  0.5521750055864589  1.6573046647845555

############################################################

# Equivalence Class 3
## Gram matrix Q
1.8131183977229572  0.9006221137021782  -0.905439552498724  -(8//9)^(8//9)  0.900615985709429  0.8983759539486081  -0.9005939338554064
0.9006221137021782  (3217//9)^(1//10)  0.004789254684092372  0.013037965541591824  0.8953355301807475  0.8877415591176292  -0.8940943092358626
-0.905439552498724  0.004789254684092372  (59//3)^(1//5)  0.9030799510608134  -0.9030815425490899  -0.902538643649343  0.9036593401341712
-(8//9)^(8//9)  0.013037965541591824  0.9030799510608134  1.8048701893156047  -0.8965628539064736  -0.8912730432390659  0.8965417350475634
0.900615985709429  0.8953355301807475  -0.9030815425490899  -0.8965628539064736  (312//5)^(1//7)  0.8913114285072161  -0.8965732725052096
0.8983759539486081  0.8877415591176292  -0.902538643649343  -0.8912730432390659  0.8913114285072161  1.7915155007594632  -0.8906625984619254
-0.9005939338554064  -0.8940943092358626  0.9036593401341712  0.8965417350475634  -0.8965732725052096  -0.8906625984619254  1.8042346714122717

############################################################

