# Matrix 1
1.812964065121035 0.9064737362076997 -0.9064777301591331 0.9064791503957359 0.9064703444221477 0.9064573816594698 0.9064518127373128
0.9064737362076997 1.8123825489191452 -0.9059082553283507 0.9064858503702214 -0.0005608167366472158 0.904761648164327 -0.002278862237045692
-0.9064777301591331 -0.9059082553283507 1.8123894650191859 -4.58980986137902e-6 -0.9059243631197004 -0.9053360056032925 0.0006103582215729187
0.9064791503957359 0.9064858503702214 -4.58980986137902e-6 1.8135168917850724 -8.389795663362877e-6 -0.0005544146829902515 -0.0011024921218746797
0.9064703444221477 -0.0005608167366472158 -0.9059243631197004 -8.389795663362877e-6 1.8129544284301857 0.9059168643101897 0.9070129362845666
0.9064573816594698 0.904761648164327 -0.9053360056032925 -0.0005544146829902515 0.9059168643101897 1.810583168981275 0.9040925913705725
0.9064518127373128 -0.002278862237045692 0.0006103582215729187 -0.0011024921218746797 0.9070129362845666 0.9040925913705725 1.8100096364885427

Energy at Q: 0.43407708756958957

# Matrix 2
1.6575722223437936 -0.5525475092525737 0.5526093814202709 -0.5524724986231715 0.5525356649729245 -0.5524909260182513 -0.55258928346166
-0.5525475092525737 1.6574428167486632 0.5522854025733324 0.5525448384103298 0.5522845944830559 0.5523545623718492 -0.5520286258310544
0.5526093814202709 0.5522854025733324 1.6574404288752076 0.5523572504742156 0.5524708997807833 -0.5524200997391149 -0.5525963542878453
-0.5524724986231715 0.5525448384103298 0.5523572504742156 1.6564767490999448 -0.551574648409239 -0.5515736832421257 0.5502285026984287
0.5525356649729245 0.5522845944830559 0.5524708997807833 -0.551574648409239 1.656329651373355 0.5515086965969821 -0.5499569007780204
-0.5524909260182513 0.5523545623718492 -0.5524200997391149 -0.5515736832421257 0.5515086965969821 1.6565305682947848 -0.5501548653224588
-0.55258928346166 -0.5520286258310544 -0.5525963542878453 0.5502285026984287 -0.5499569007780204 -0.5501548653224588 1.6529061204138864

Energy at Q: 0.434095485992344

# Matrix 3
1.656134550904018 0.5520448050970396 -0.5520448056676528 0.5520448721092375 -0.55204487110716 -0.5520448729947404 -0.5520450050435638
0.5520448050970396 1.656134478572346 -0.5520447994372397 -0.5520448037611168 0.5520448094972272 0.5520448053849434 0.5520446000524254
-0.5520448056676528 -0.5520447994372397 1.6561344805007836 0.5520448648692985 0.5520448083623765 0.5520449360850593 -0.5520446047330011
0.5520448721092375 -0.5520448037611168 0.5520448648692985 1.6561344808623413 -0.5520448087658443 -0.5520448102879726 -0.552044868977837
-0.55204487110716 0.5520448094972272 0.5520448083623765 -0.5520448087658443 1.6561344859134628 0.5520448764365362 0.5520448745405286
-0.5520448729947404 0.5520448053849434 0.5520449360850593 -0.5520448102879726 0.5520448764365362 1.6561344765251511 0.5520445991655445
-0.5520450050435638 0.5520446000524254 -0.5520446047330011 -0.552044868977837 0.5520448745405286 0.5520445991655445 1.6561335417616307

Energy at Q: 0.4341763532942778

# Matrix 4
1.6561351866348082 0.5520451207557966 -0.5520451225731248 -0.5520452965058619 -0.5520451225251468 -0.552045117094937 0.5520449414739151
0.5520451207557966 1.6561351265939694 -0.5520452996266532 0.5520447035579348 0.5520449424583749 0.5520448812304345 -0.5520442901828015
-0.5520451225731248 -0.5520452996266532 1.6561351248785723 0.552044699559052 -0.5520453006263145 -0.5520453688593965 -0.552044278713447
-0.5520452965058619 0.5520447035579348 0.552044699559052 1.6561343404766302 0.5520447572532432 0.5520446278922716 -0.5520436114349566
-0.5520451225251468 0.5520449424583749 -0.5520453006263145 0.5520447572532432 1.656135180562288 0.5520449366720581 -0.5520444092178612
-0.552045117094937 0.5520448812304345 -0.5520453688593965 0.5520446278922716 0.5520449366720581 1.6561349833807615 -0.5520440058066194
0.5520449414739151 -0.5520442901828015 -0.552044278713447 -0.5520436114349566 -0.5520444092178612 -0.5520440058066194 1.6561315543516804

Energy at Q: 0.4341763341856374

# Matrix 5
1.6561344552611867 0.5520448189148762 -0.5520448173110646 -0.5520448172438455 0.5520448169908625 0.5520448119499438 -0.5520448119426459
0.5520448189148762 1.656134457120172 -0.5520448211486592 0.5520448182858613 -0.5520448181520228 -0.5520448183590085 0.5520448194422438
-0.5520448173110646 -0.5520448211486592 1.6561343904911834 -0.5520448245042908 -0.5520448188131898 -0.5520447473752599 -0.5520448931624935
-0.5520448172438455 0.5520448182858613 -0.5520448245042908 1.6561344492902732 -0.5520448145491702 -0.5520448064944382 0.5520448067210693
0.5520448169908625 -0.5520448181520228 -0.5520448188131898 -0.5520448145491702 1.65613445031588 0.5520448133160103 -0.5520448107827644
0.5520448119499438 -0.5520448183590085 -0.5520447473752599 -0.5520448064944382 0.5520448133160103 1.6561343031018243 -0.5520445972896505
-0.5520448119426459 0.5520448194422438 -0.5520448931624935 0.5520448067210693 -0.5520448107827644 -0.5520445972896505 1.6561341016482887

Energy at Q: 0.4341763569290828

# Matrix 6
1.811447357339661 0.9057236782960953 0.9057236784343501 -0.9057236782551102 0.905723678538479 0.9057236780900897 -0.9057236783933749
0.9057236782960953 1.8114473506610045 0.9057236720174696 -0.9057236655546315 -7.474296127979676e-10 -1.3371354803375994e-8 -0.9057236846244304
0.9057236784343501 0.9057236720174696 1.811447350965952 -0.9057236658293402 0.9057236783910445 0.9057236658424942 -5.770730309280982e-9
-0.9057236782551102 -0.9057236655546315 -0.9057236658293402 1.8114473262338757 6.852996279183134e-9 -0.9057236414025047 0.9057236965969787
0.905723678538479 -7.474296127979676e-10 0.9057236783910445 6.852996279183134e-9 1.8114473512610185 0.9057236661185459 -5.945940027061265e-9
0.9057236780900897 -1.3371354803375994e-8 0.9057236658424942 -0.9057236414025047 0.9057236661185459 1.811447308071969 -2.2911505466841906e-8
-0.9057236783933749 -0.9057236846244304 -5.770730309280982e-9 0.9057236965969787 -5.945940027061265e-9 -2.2911505466841906e-8 1.8114473442004377

Energy at Q: 0.43417636074710236

# Matrix 7
1.6561355312493966 0.5520454278265863 0.5520449112320279 0.5520450860899497 -0.5520453582289782 -0.5520451230193245 -0.5520451484444344
0.5520454278265863 1.6561346992338393 -0.5520443597169835 0.5520455035429273 -0.5520440438412189 -0.5520438673244578 0.5520432849866695
0.5520449112320279 -0.5520443597169835 1.6561346330241236 0.5520447696982754 0.5520441552658195 0.5520442612316436 -0.5520438082203274
0.5520450860899497 0.5520455035429273 0.5520447696982754 1.6561353982146845 0.5520448099421953 0.5520448523077669 -0.5520448161168641
-0.5520453582289782 -0.5520440438412189 0.5520441552658195 0.5520448099421953 1.6561340224343832 0.552043197217085 -0.5520426927179198
-0.5520451230193245 -0.5520438673244578 0.5520442612316436 0.5520448523077669 0.552043197217085 1.6561326784878054 -0.5520418427562213
-0.5520451484444344 0.5520432849866695 -0.5520438082203274 -0.5520448161168641 -0.5520426927179198 -0.5520418427562213 1.6561311567664114

Energy at Q: 0.4341763248174666

# Matrix 8
1.6561347716336792 -0.5520448641941575 -0.5520450420259605 -0.5520452216728666 -0.5520452204185378 -0.5520450430114648 -0.5520450394542484
-0.5520448641941575 1.6561347697720223 0.5520450409737795 -0.5520446853259274 -0.5520446842969725 -0.5520448630034621 -0.5520448701232806
-0.5520450420259605 0.5520450409737795 1.6561347692397848 0.5520446842741704 -0.5520452223722216 0.5520448636347405 0.552044868112302
-0.5520452216728666 -0.5520446853259274 0.5520446842741704 1.656133993015187 0.5520440216315582 0.5520446829318547 0.552044693578413
-0.5520452204185378 -0.5520446842969725 -0.5520452223722216 0.5520440216315582 1.656133735109113 0.5520446795400429 0.5520445626097569
-0.5520450430114648 -0.5520448630034621 0.5520448636347405 0.5520446829318547 0.5520446795400429 1.6561347665816253 0.5520448686148853
-0.5520450394542484 -0.5520448701232806 0.552044868112302 0.552044693578413 0.5520445626097569 0.5520448686148853 1.6561345149698383

Energy at Q: 0.43417634677654043

# Matrix 9
1.8114475360299238 -0.9057237555136232 0.9057237431601174 0.9057237499079971 -0.9057237432596305 0.9057236712516339 0.9057237186009872
-0.9057237555136232 1.811447529679369 -0.9057237368175464 -0.9057237374968886 -3.749129634349079e-8 1.031593668171504e-7 6.122066783378795e-8
0.9057237431601174 -0.9057237368175464 1.811447510079356 0.9057237496898306 -0.9057237430264894 0.90572364535834 0.905723663535143
0.9057237499079971 -0.9057237374968886 0.9057237496898306 1.8114475183678407 -0.9057237433148239 0.9057237016195746 0.9057237678854819
-0.9057237432596305 -3.749129634349079e-8 -0.9057237430264894 -0.9057237433148239 1.8114475046236955 -0.9057236766627844 -0.9057237298413215
0.9057236712516339 1.031593668171504e-7 0.90572364535834 0.9057237016195746 -0.9057236766627844 1.8114472453327988 0.9057235487519554
0.9057237186009872 6.122066783378795e-8 0.905723663535143 0.9057237678854819 -0.9057237298413215 0.9057235487519554 1.8114472812928668

Energy at Q: 0.4341763554251288

# Matrix 10
1.656136468656979 -0.5520454105091819 -0.5520457802606127 0.5520452688222817 0.5520463389421622 -0.5520458298103615 -0.5520466398104594
-0.5520454105091819 1.6561365978140146 -0.5520454762672672 -0.5520453495017588 0.5520451768979178 0.552045106864447 0.5520455266202839
-0.5520457802606127 -0.5520454762672672 1.6561367243152498 0.5520452280957823 -0.55204470225488 0.5520458259512296 0.5520447538191396
0.5520452688222817 -0.5520453495017588 0.5520452280957823 1.6561359494684056 -0.5520440518310197 -0.5520454029905547 0.552044123119515
0.5520463389421622 0.5520451768979178 -0.55204470225488 -0.5520440518310197 1.6561334015343858 0.5520455796626822 -0.5520416875202051
-0.5520458298103615 0.552045106864447 0.5520458259512296 -0.5520454029905547 0.5520455796626822 1.656135248401141 0.5520435144619142
-0.5520466398104594 0.5520455266202839 0.5520447538191396 0.552044123119515 -0.5520416875202051 0.5520435144619142 1.6561292478069327

Energy at Q: 0.4341762871694066

# Matrix 11
1.8114624765721663 0.9057311958285024 -0.9057311724611973 -0.9057311051147215 0.9057312208511897 -0.9057311656752187 0.9057311598064459
0.9057311958285024 1.811460629484108 -1.5872950673061434e-6 -0.9057309059017904 -1.009056662101862e-7 -0.9057274267619995 0.905727421722923
-0.9057311724611973 -1.5872950673061434e-6 1.8114588807942347 0.905729216257274 -0.9057276489241368 -5.681056270257904e-6 -0.9057237666085466
-0.9057311051147215 -0.9057309059017904 0.905729216257274 1.811460094372553 -0.9057276021237693 0.9057217806858912 -0.9057200650177925
0.9057312208511897 -1.009056662101862e-7 -0.9057276489241368 -0.9057276021237693 1.8114588687937236 -0.90572026340253 0.905716643832058
-0.9057311656752187 -0.9057274267619995 -5.681056270257904e-6 0.9057217806858912 -0.90572026340253 1.8114333045775661 -0.9056929373888514
0.9057311598064459 0.905727421722923 -0.9057237666085466 -0.9057200650177925 0.905716643832058 -0.9056929373888514 1.8114130300607902

Energy at Q: 0.4341758765888845

# Matrix 12
1.8114473299978742 0.9057236646342319 0.9057236648750061 -0.9057236646326263 0.9057236648519611 0.9057236646528615 -0.9057236648764948
0.9057236646342319 1.8114473287353647 0.9057236644465032 -0.9057236635525663 -1.201683214804293e-9 0.9057236636142706 8.905375727834417e-10
0.9057236648750061 0.9057236644465032 1.8114473299307998 -0.9057236644042953 0.9057236645847939 -5.753252339220909e-10 -0.9057236646549923
-0.9057236646326263 -0.9057236635525663 -0.9057236644042953 1.8114473286291455 -0.905723663943791 -0.9057236635040994 0.9057236642712613
0.9057236648519611 -1.201683214804293e-9 0.9057236645847939 -0.905723663943791 1.8114473291180124 -8.597607649250894e-10 -0.9057236642886287
0.9057236646528615 0.9057236636142706 -5.753252339220909e-10 -0.9057236635040994 -8.597607649250894e-10 1.8114473279445573 7.296570976780538e-10
-0.9057236648764948 8.905375727834417e-10 -0.9057236646549923 0.9057236642712613 -0.9057236642886287 7.296570976780538e-10 1.8114473294234357

Energy at Q: 0.4341763612798133

# Matrix 13
1.811463830557267 -0.9057256669244339 -0.9057291357788185 -0.905729327826912 -0.9057292542455664 -0.9057309676474009 0.9057236589370979
-0.9057256669244339 1.811442549854226 0.9057167333505849 0.9057275602612075 -1.0724205238765113e-5 -7.231448064721325e-6 2.8794192252008854e-5
-0.9057291357788185 0.9057167333505849 1.8114548030906619 -3.5289376426548375e-6 -5.4820820193139795e-6 0.905729034053673 -0.9057145592563001
-0.905729327826912 0.9057275602612075 -3.5289376426548375e-6 1.8114621479080666 -3.5230921114380304e-6 -3.4988744685275086e-6 7.081577673671662e-6
-0.9057292542455664 -1.0724205238765113e-5 -5.4820820193139795e-6 -3.5230921114380304e-6 1.8114567365398484 0.9057291829437436 -0.9057164874675057
-0.9057309676474009 -7.231448064721325e-6 0.905729034053673 -3.4988744685275086e-6 0.9057291829437436 1.8114635959008423 -0.9057234439470416
0.9057236589370979 2.8794192252008854e-5 -0.9057145592563001 7.081577673671662e-6 -0.9057164874675057 -0.9057234439470416 1.811423160787944

Energy at Q: 0.43417579752823254

# Matrix 14
1.8114583956268377 -0.9057283440958929 0.9057265948905168 0.9057282724277137 -0.9057283196036986 0.9057283864623137 0.9057247613986315
-0.9057283440958929 1.8114566387086646 -0.9057246957120456 1.6936985637736392e-6 -1.8493188376895296e-6 3.708268535884145e-6 8.893559717678785e-6
0.9057265948905168 -0.9057246957120456 1.8114493910143334 -3.4073934908032274e-6 -0.9057246178941735 0.9057209562657539 0.9057120211038334
0.9057282724277137 1.6936985637736392e-6 -3.4073934908032274e-6 1.811456536267389 3.600448921662849e-6 1.80567522608287e-7 0.9057211313885951
-0.9057283196036986 -1.8493188376895296e-6 -0.9057246178941735 3.600448921662849e-6 1.8114546480083167 -0.9057264374100211 -0.9057169961248659
0.9057283864623137 3.708268535884145e-6 0.9057209562657539 1.80567522608287e-7 -0.9057264374100211 1.8114473396709412 0.9057172838575664
0.9057247613986315 8.893559717678785e-6 0.9057120211038334 0.9057211313885951 -0.9057169961248659 0.9057172838575664 1.8114210066804801

Energy at Q: 0.43417602731607063

# Matrix 15
1.6561355007022784 0.5520452427989984 0.5520444725917266 0.5520450746739172 0.5520466074932399 -0.552043819285693 0.5520467349469913
0.5520452427989984 1.656136196999168 -0.5520454668969222 -0.5520454686516476 0.5520454641203664 -0.5520452489267915 0.5520454605119515
0.5520444725917266 -0.5520454668969222 1.6561339775780308 0.552044579796784 -0.5520428920608212 -0.5520428480999944 -0.5520427587769278
0.5520450746739172 -0.5520454686516476 0.552044579796784 1.6561362590601798 -0.5520445082864672 -0.5520445298028415 -0.5520443811171983
0.5520466074932399 0.5520454641203664 -0.5520428920608212 -0.5520445082864672 1.6561335802813286 0.5520428403540295 0.5520424275992432
-0.552043819285693 -0.5520452489267915 -0.5520428480999944 -0.5520445298028415 0.5520428403540295 1.6561332090631409 0.5520423901337151
0.5520467349469913 0.5520454605119515 -0.5520427587769278 -0.5520443811171983 0.5520424275992432 0.5520423901337151 1.6561328627914726

Energy at Q: 0.4341762978966922

# Matrix 16
1.8114475074066314 -0.9057237379765528 -0.9057237383806798 -0.9057237324348592 -0.9057237267136838 0.9057237503829482 -0.9057236782777031
-0.9057237379765528 1.8114474863783443 0.9057237306000078 -6.675422275798898e-8 -6.569945174487582e-8 -0.9057236901087421 -1.554134106046723e-7
-0.9057237383806798 0.9057237306000078 1.8114474999120511 -4.229587391175421e-8 0.905723715005577 2.396713628865689e-8 0.9057236674550226
-0.9057237324348592 -6.675422275798898e-8 -4.229587391175421e-8 1.8114474691490916 -8.430471070875067e-8 -0.9057236464483238 0.9057235796564916
-0.9057237267136838 -6.569945174487582e-8 0.905723715005577 -8.430471070875067e-8 1.81144748072303 5.429376557442622e-8 0.9057236031699655
0.9057237503829482 -0.9057236901087421 2.396713628865689e-8 -0.9057236464483238 5.429376557442622e-8 1.811447294549606 2.849828155519445e-7
-0.9057236782777031 -1.554134106046723e-7 0.9057236674550226 0.9057235796564916 0.9057236031699655 2.849828155519445e-7 1.8114471152554779

Energy at Q: 0.4341763556629385

# Matrix 17
1.8114505774994514 -0.9057252851518258 0.9057252859835059 -0.9057252553305198 -0.905725260490891 0.9057252664574557 0.9057252486494402
-0.9057252851518258 1.8114505417858457 1.2369185589928505e-8 0.9057252671411821 0.9057252129442499 -0.9057252303586087 -0.9057252306667456
0.9057252859835059 1.2369185589928505e-8 1.8114488291288164 4.8156014861977046e-8 -0.9057235180810513 0.9057217695172839 0.9057217334446661
-0.9057252553305198 0.9057252671411821 4.8156014861977046e-8 1.811450369169974 -8.559971104527878e-8 1.6329162056173272e-7 -0.9057250102147973
-0.905725260490891 0.9057252129442499 -0.9057235180810513 -8.559971104527878e-8 1.8114486697976497 -0.9057216590048041 -0.9057216349623683
0.9057252664574557 -0.9057252303586087 0.9057217695172839 1.6329162056173272e-7 -0.9057216590048041 1.8114433608707605 0.9057180214102345
0.9057252486494402 -0.9057252306667456 0.9057217334446661 -0.9057250102147973 -0.9057216349623683 0.9057180214102345 1.8114431528275083

Energy at Q: 0.4341762781495046

# Matrix 18
1.656134280305946 0.5520447599259908 0.5520447603197618 0.5520447594894516 -0.5520447594953705 0.5520447630179599 -0.5520447650204393
0.5520447599259908 1.6561342815938034 0.5520447602156038 -0.5520447600396103 0.5520447608486058 -0.5520447583873499 0.552044755759944
0.5520447603197618 0.5520447602156038 1.6561342811095259 -0.5520447614557092 -0.5520447594364404 -0.5520447561925829 -0.5520447656923231
0.5520447594894516 -0.5520447600396103 -0.5520447614557092 1.6561342760178162 -0.5520447570206337 0.5520447649295271 -0.5520447610824004
-0.5520447594953705 0.5520447608486058 -0.5520447594364404 -0.5520447570206337 1.656134275202275 -0.5520447666316421 0.5520447689007604
0.5520447630179599 -0.5520447583873499 -0.5520447561925829 0.5520447649295271 -0.5520447666316421 1.6561342686643687 -0.5520447468548914
-0.5520447650204393 0.552044755759944 -0.5520447656923231 -0.5520447610824004 0.5520447689007604 -0.5520447468548914 1.6561342567457915

Energy at Q: 0.4341763610390025

# Matrix 19
2.2081806567474094 1.1040903283093593 -1.104090327437573 -1.104090324416984 1.1040903255395498 -1.1040903281223053 1.1040903262851287
1.1040903283093593 1.6561356258893443 4.6063492024211926e-8 -0.552045492233016 0.5520452504688572 -0.5520450116371611 0.5520456929023584
-1.104090327437573 4.6063492024211926e-8 2.2081808101424807 -5.963194571425967e-7 -1.1040904375533296 1.1040905673992405 -1.1040893972189751
-1.104090324416984 -0.552045492233016 -5.963194571425967e-7 1.6561341575895534 -0.552044959312578 0.5520454906866505 -0.5520425786638355
1.1040903255395498 0.5520452504688572 -1.1040904375533296 -0.552044959312578 1.6561355599073229 -0.5520451812658399 0.5520450278398005
-1.1040903281223053 -0.5520450116371611 1.1040905673992405 0.5520454906866505 -0.5520451812658399 1.6561355612860884 -0.5520458173303585
1.1040903262851287 0.5520456929023584 -1.1040893972189751 -0.5520425786638355 0.5520450278398005 -0.5520458173303585 1.656130650437269

Energy at Q: 0.4341763182411238

# Matrix 20
1.6561360493617816 0.5520456874689188 0.5520461173564021 -0.5520451819195662 -0.5520453094138409 -0.5520450503869185 -0.5520469353169011
0.5520456874689188 1.6561368106708465 0.5520459438380249 0.5520455330541222 0.5520454639472432 0.5520455964447732 0.5520445936656807
0.5520461173564021 0.5520459438380249 1.6561369386252698 0.5520456442504412 0.5520457707274898 -0.5520464195320451 -0.5520438047281122
-0.5520451819195662 0.5520455330541222 0.5520456442504412 1.6561366942247886 0.5520454187588907 0.5520452948865349 0.5520459603164605
-0.5520453094138409 0.5520454639472432 0.5520457707274898 0.5520454187588907 1.6561368773309237 0.5520454241408066 0.5520452481543107
-0.5520450503869185 0.5520455964447732 -0.5520464195320451 0.5520452948865349 0.5520454241408066 1.6561357331067217 0.5520479338674203
-0.5520469353169011 0.5520445936656807 -0.5520438047281122 0.5520459603164605 0.5520452481543107 0.5520479338674203 1.6561275393912718

Energy at Q: 0.4341762807564465

# Matrix 21
1.8114719762781666 -0.9057351277442044 0.9057350622437588 0.9057350384836386 -0.9057350798814151 -0.9057333407330532 0.9057313399417057
-0.9057351277442044 1.8114736486930674 6.476047229251918e-9 -0.9057386219748679 0.9057368238571664 0.9057387472805667 -0.9057440326527619
0.9057350622437588 6.476047229251918e-9 1.8114648685512922 -5.387359232063048e-6 -0.9057262096358654 -0.9057297755898033 0.9057083453780838
0.9057350384836386 -0.9057386219748679 -5.387359232063048e-6 1.8114733959543743 1.8813879201774188e-6 8.923279269567618e-6 0.9057220340888861
-0.9057350798814151 0.9057368238571664 -0.9057262096358654 1.8813879201774188e-6 1.8114577233065192 0.9057298590144698 -0.9057083743222737
-0.9057333407330532 0.9057387472805667 -0.9057297755898033 8.923279269567618e-6 0.9057298590144698 1.8114648908847055 -0.9057029878943997
0.9057313399417057 -0.9057440326527619 0.9057083453780838 0.9057220340888861 -0.9057083743222737 -0.9057029878943997 1.811376337617638

Energy at Q: 0.43417540821367756

# Matrix 22
1.8114532529413008 0.9057266084838973 0.9057266089067357 -0.9057266086823808 0.9057265790529285 0.9057265967332405 -0.9057265365855188
0.9057266084838973 1.8114549598611913 0.9057283988599645 -3.5125075258406154e-8 1.8264562560887127e-6 0.9057302314042806 -0.9057301830272596
0.9057266089067357 0.9057283988599645 1.8114548417369 -0.9057264007957467 0.9057245860646197 0.9057245196655775 -0.9057245194863917
-0.9057266086823808 -3.5125075258406154e-8 -0.9057264007957467 1.8114529544827334 -0.9057227293028162 -0.9057208525966832 0.905720894533943
0.9057265790529285 1.8264562560887127e-6 0.9057245860646197 -0.9057227293028162 1.8114457187829434 0.9057154920879206 -0.9057154556516874
0.9057265967332405 0.9057302314042806 0.9057245196655775 -0.9057208525966832 0.9057154920879206 1.8114401217537577 -0.9057117754702773
-0.9057265365855188 -0.9057301830272596 -0.9057245194863917 0.905720894533943 -0.9057154556516874 -0.9057117754702773 1.811440108017735

Energy at Q: 0.43417611805539164

# Matrix 23
1.8114564533712192 -0.9057282149845927 0.9057281902869869 -0.9057282204500955 -0.9057281303009302 0.9057281070403221 -0.905728166922216
-0.9057282149845927 1.8114564176338293 1.8332552126664036e-6 0.9057282023967947 0.905726309344536 -0.9057209544967705 0.9057228354675712
0.9057281902869869 1.8332552126664036e-6 1.811457922167845 7.272858823600345e-8 -0.9057277841921672 0.9057240835422016 -0.9057260117804414
-0.9057282204500955 0.9057282023967947 7.272858823600345e-8 1.811456518355376 0.9057281231666451 2.46983553774945e-7 0.9057281720274623
-0.9057281303009302 0.905726309344536 -0.9057277841921672 0.9057281231666451 1.8114539525973452 -0.9057165450147977 0.9057204953761888
0.9057281070403221 -0.9057209544967705 0.9057240835422016 2.46983553774945e-7 -0.9057165450147977 1.8114211667812758 -0.9057042377213923
-0.905728166922216 0.9057228354675712 -0.9057260117804414 0.9057281720274623 0.9057204953761888 -0.9057042377213923 1.811441670074964

Energy at Q: 0.434176033905894

# Matrix 24
1.8114475776186567 0.9057237825570927 0.9057237760343422 -0.9057237695915535 -0.905723776334464 0.9057237321066436 0.9057237640436929
0.9057237825570927 1.8114475819955735 -3.6952724519940466e-8 3.776165422373341e-8 -0.9057237561764281 0.9057237318419457 0.905723763984432
0.9057237760343422 -3.6952724519940466e-8 1.8114475583476553 -0.9057237327881885 -0.9057237637443915 0.905723646993779 0.905723710146803
-0.9057237695915535 3.776165422373341e-8 -0.9057237327881885 1.8114474622531926 -7.989459968125467e-8 -0.9057235568383873 1.0991106652859017e-7
-0.905723776334464 -0.9057237561764281 -0.9057237637443915 -7.989459968125467e-8 1.8114475075086565 -0.9057237199486241 -0.9057237938813921
0.9057237321066436 0.9057237318419457 0.905723646993779 -0.9057235568383873 -0.9057237199486241 1.81144682548853 0.9057234189288771
0.9057237640436929 0.905723763984432 0.905723710146803 1.0991106652859017e-7 -0.9057237938813921 0.9057234189288771 1.8114473848611423

Energy at Q: 0.43417635464112797

# Matrix 25
1.6561426708860463 0.5520479507865855 0.5520483472493696 -0.5520440404662169 0.5520457326627667 -0.5520467499072444 -0.5520454186661135
0.5520479507865855 1.6561417887684171 0.5520464867347837 0.5520419611607251 -0.5520441843805385 0.5520435332167944 0.5520446658952085
0.5520483472493696 0.5520464867347837 1.6561428037185901 0.5520441287309442 0.5520503248849953 -0.5520507955048984 0.552045630819776
-0.5520440404662169 0.5520419611607251 0.5520441287309442 1.6561187306611185 -0.5520315813698154 0.5520315201915851 0.5520319291648124
0.5520457326627667 -0.5520441843805385 0.5520503248849953 -0.5520315813698154 1.6561333263662035 -0.5520371356036448 -0.552037365847449
-0.5520467499072444 0.5520435332167944 -0.5520507955048984 0.5520315201915851 -0.5520371356036448 1.656130264023653 0.5520385771195451
-0.5520454186661135 0.5520446658952085 0.552045630819776 0.5520319291648124 -0.552037365847449 0.5520385771195451 1.656132611084629

Energy at Q: 0.4341760146655782

# Matrix 26
1.6563164823975698 0.5520666511536927 0.5520675517874073 0.5521818670248619 -0.5521830225160246 0.5521828339809908 -0.5522973494672259
0.5520666511536927 1.656381036679783 0.5520650738349624 -0.5520642113717126 0.5520654216476286 -0.5520649929471366 0.5518788649476482
0.5520675517874073 0.5520650738349624 1.656380466226437 -0.5520629049549372 -0.552251411869549 0.5522513894393534 0.5518772638950233
0.5521818670248619 -0.5520642113717126 -0.5520629049549372 1.656307311012074 -0.5519962004560695 0.551996143135957 -0.5517375009666319
-0.5521830225160246 0.5520654216476286 -0.552251411869549 -0.5519962004560695 1.6563145553136853 -0.55199835665581 0.5517443954274942
0.5521828339809908 -0.5520649929471366 0.5522513894393534 0.551996143135957 -0.55199835665581 1.6563109295305103 -0.5517396124368441
-0.5522973494672259 0.5518788649476482 0.5518772638950233 -0.5517375009666319 0.5517443954274942 -0.5517396124368441 1.6553578183898192

Energy at Q: 0.43416330678027887

# Matrix 27
1.656138968935497 0.5520464091605968 0.5520445463426682 -0.5520492630999063 0.5520438838669712 -0.5520448088312676 -0.5520501213285541
0.5520464091605968 1.6561393473977941 -0.5520465161672983 -0.5520471026432827 0.5520453994687783 0.552046955847011 0.5520449465694036
0.5520445463426682 -0.5520465161672983 1.6561356560968552 0.5520421961463821 0.5520425467196916 -0.5520436354671829 -0.5520513691404535
-0.5520492630999063 -0.5520471026432827 0.5520421961463821 1.6561350120015483 0.5520408437243204 -0.5520435184167812 0.552039670072799
0.5520438838669712 0.5520453994687783 0.5520425467196916 0.5520408437243204 1.6561319987803396 -0.5520432611155731 0.5520360767623473
-0.5520448088312676 0.552046955847011 -0.5520436354671829 -0.5520435184167812 -0.5520432611155731 1.6561367991695384 0.5520506211222359
-0.5520501213285541 0.5520449465694036 -0.5520513691404535 0.552039670072799 0.5520360767623473 0.5520506211222359 1.6561250385139312

Energy at Q: 0.43417617439788536

# Matrix 28
1.8114476009836753 0.9057237938011741 -0.9057237756705679 0.9057237880111714 -0.9057237218891957 0.905723769577254 0.9057237453378257
0.9057237938011741 1.8114475328969704 -0.9057237742292891 0.905723712324405 1.1895137076963703e-7 -2.4220776889532214e-9 3.6108798836277704e-8
-0.9057237756705679 -0.9057237742292891 1.8114475467843696 -0.9057237441967432 0.9057236660491599 -0.9057237339256563 -0.9057237465620087
0.9057237880111714 0.905723712324405 -0.9057237441967432 1.8114474763488129 -0.9057236343594907 0.9057237880403208 0.9057238330397953
-0.9057237218891957 1.1895137076963703e-7 0.9057236660491599 -0.9057236343594907 1.8114472815348373 -0.9057236620343079 -0.9057236519181106
0.905723769577254 -2.4220776889532214e-9 -0.9057237339256563 0.9057237880403208 -0.9057236620343079 1.8114474759057997 0.9057236318998475
0.9057237453378257 3.6108798836277704e-8 -0.9057237465620087 0.9057238330397953 -0.9057236519181106 0.9057236318998475 1.8114473289860755

Energy at Q: 0.43417635461730425

# Matrix 29
1.8114488588531523 -0.9057235165706666 0.9057234988047942 -0.905721696715971 -0.9057217089260245 0.9057217503563276 0.9057199359022724
-0.9057235165706666 1.8114488397686133 1.8735573137318053e-6 0.9057216111604158 0.90572165329349 -0.9057217069913179 5.564011457980773e-6
0.9057234988047942 1.8735573137318053e-6 1.8114487523822276 -0.9057215476879659 -0.905721560018026 -3.6699221927584496e-6 0.9057197331937207
-0.905721696715971 0.9057216111604158 -0.9057215476879659 1.8114430118329718 0.9057177835706335 -0.9057179214950595 -0.9057139428861298
-0.9057217089260245 0.90572165329349 -0.905721560018026 0.9057177835706335 1.8114431622926057 -0.9057180103775924 -0.9057140757229596
0.9057217503563276 -0.9057217069913179 -3.6699221927584496e-6 -0.9057179214950595 -0.9057180103775924 1.8114434188538455 0.9057142734577065
0.9057199359022724 5.564011457980773e-6 0.9057197331937207 -0.9057139428861298 -0.9057140757229596 0.9057142734577065 1.8114336659310277

Energy at Q: 0.43417627551609755

# Matrix 30
1.6561369517946263 -0.5520456905275727 -0.5520456233140539 0.5520457531660334 0.5520456226027772 -0.5520446145518293 -0.5520443579808082
-0.5520456905275727 1.6561370822124934 -0.5520456370757153 0.5520455173457598 -0.5520456296832239 0.5520444974797919 0.5520444396818531
-0.5520456233140539 -0.5520456370757153 1.6561368849070082 -0.5520456941370457 -0.5520454932884146 -0.552045532923571 0.5520455938867329
0.5520457531660334 0.5520455173457598 -0.5520456941370457 1.6561368928118518 -0.5520453215635976 0.5520449600850453 0.5520451415589285
0.5520456226027772 -0.5520456296832239 -0.5520454932884146 -0.5520453215635976 1.6561363122456316 -0.5520437824231283 -0.5520436472982642
-0.5520446145518293 0.5520444974797919 -0.552045532923571 0.5520449600850453 -0.5520437824231283 1.6561294930350743 0.5520379695903102
-0.5520443579808082 0.5520444396818531 0.5520455938867329 0.5520451415589285 -0.5520436472982642 0.5520379695903102 1.6561288257449909

Energy at Q: 0.4341762730707273

# Matrix 31
1.6561969678300161 0.5520655474103147 -0.5520654254422042 -0.5520656428605492 0.5520628493867874 -0.5520643878014827 0.5520638729149255
0.5520655474103147 1.6561965801602618 -0.5520645142220849 0.552064750887177 -0.5520646593841595 0.552064423471441 -0.5520653271228998
-0.5520654254422042 -0.5520645142220849 1.65619677954057 -0.5520648112824837 -0.5520674059545838 -0.5520646833917934 -0.5520667391013008
-0.5520656428605492 0.552064750887177 -0.5520648112824837 1.6561954874504299 -0.5520611432706681 0.552063133321701 -0.5520639908373017
0.5520628493867874 -0.5520646593841595 -0.5520674059545838 -0.5520611432706681 1.6561183792653154 -0.5519900789493599 0.5519917787012038
-0.5520643878014827 0.552064423471441 -0.5520646833917934 0.552063133321701 -0.5519900789493599 1.656123352379849 -0.5519917693637184
0.5520638729149255 -0.5520653271228998 -0.5520667391013008 -0.5520639908373017 0.5519917787012038 -0.5519917693637184 1.656123842165564

Energy at Q: 0.43417414128329257

# Matrix 32
1.6561343091674912 -0.5520447922478804 0.5520447940043649 -0.5520447220178798 -0.5520447220573719 -0.5520446578666698 0.5520446511937607
-0.5520447922478804 1.6561343721033932 -0.5520447933523644 -0.5520447859160497 -0.5520447890962555 -0.5520447929391771 0.5520447777826568
0.5520447940043649 -0.5520447933523644 1.6561343754257125 0.5520447914095855 0.5520447881291162 0.5520447872097546 0.5520447943999002
-0.5520447220178798 -0.5520447859160497 0.5520447914095855 1.656134296409065 0.5520447146167377 0.55204465424847 -0.5520446305570959
-0.5520447220573719 -0.5520447890962555 0.5520447881291162 0.5520447146167377 1.6561342947035518 0.5520446485284948 -0.5520446323353757
-0.5520446578666698 -0.5520447929391771 0.5520447872097546 0.55204465424847 0.5520446485284948 1.6561341039480513 -0.552044508778027
0.5520446511937607 0.5520447777826568 0.5520447943999002 -0.5520446305570959 -0.5520446323353757 -0.552044508778027 1.6561340318794753

Energy at Q: 0.4341763587978685

# Matrix 33
1.8114476438394618 0.9057238150292436 -0.9057237974980634 -0.9057237733391121 0.9057237974981961 -0.9057237377948559 0.905723791111209
0.9057238150292436 1.8114475401527181 -0.9057237723110368 -0.9057237834897132 5.329280956196053e-8 -5.21754059562344e-8 -5.676377768243968e-8
-0.9057237974980634 -0.9057237723110368 1.8114475892941981 0.9057237481302021 -0.9057237794434624 0.9057237007125588 -0.905723742796252
-0.9057237733391121 -0.9057237834897132 0.9057237481302021 1.8114474800405929 1.3940859801230276e-7 0.9057234783523692 1.1023581543771187e-7
0.9057237974981961 5.329280956196053e-8 -0.9057237794434624 1.3940859801230276e-7 1.8114474674168133 -0.905723416528718 0.9057237679032863
-0.9057237377948559 -5.21754059562344e-8 0.9057237007125588 0.9057234783523692 -0.905723416528718 1.811446662647378 -0.905723672441869
0.905723791111209 -5.676377768243968e-8 -0.905723742796252 1.1023581543771187e-7 0.9057237679032863 -0.905723672441869 1.8114475272343533

Energy at Q: 0.43417635381950875

