# Equivalence Class 1
## Representative Gram matrix Q (symbolic)
1.812964065121035  0.9064737362076997  -0.9064777301591331  0.9064791503957359  0.9064703444221477  0.9064573816594698  0.9064518127373128
0.9064737362076997  1.8123825489191452  -0.9059082553283507  0.9064858503702214  -0.0005608167366472158  0.904761648164327  -0.002278862237045692
-0.9064777301591331  -0.9059082553283507  1.8123894650191859  -(1//8)^6  -0.9059243631197004  -0.9053360056032925  0.0006103582215729187
0.9064791503957359  0.9064858503702214  -(1//8)^6  1.8135168917850724  -(1//7)^6  -0.0005544146829902515  -(1//7)^(7//2)
0.9064703444221477  -0.0005608167366472158  -0.9059243631197004  -(1//7)^6  1.8129544284301857  0.9059168643101897  0.9070129362845666
0.9064573816594698  0.904761648164327  -0.9053360056032925  -0.0005544146829902515  0.9059168643101897  1.810583168981275  0.9040925913705725
0.9064518127373128  -0.002278862237045692  0.0006103582215729187  -(1//7)^(7//2)  0.9070129362845666  0.9040925913705725  1.8100096364885427

############################################################

# Equivalence Class 2
## Representative Gram matrix Q (symbolic)
1.6575722223437936  -0.5525475092525737  0.5526093814202709  -0.5524724986231715  0.5525356649729245  -0.5524909260182513  -0.55258928346166
-0.5525475092525737  1.6574428167486632  0.5522854025733324  0.5525448384103298  0.5522845944830559  0.5523545623718492  -0.5520286258310544
0.5526093814202709  0.5522854025733324  1.6574404288752076  0.5523572504742156  0.5524708997807833  -0.5524200997391149  -0.5525963542878453
-0.5524724986231715  0.5525448384103298  0.5523572504742156  1.6564767490999448  -0.551574648409239  -0.5515736832421257  0.5502285026984287
0.5525356649729245  0.5522845944830559  0.5524708997807833  -0.551574648409239  (171//5)^(1//7)  0.5515086965969821  -0.5499569007780204
-0.5524909260182513  0.5523545623718492  -0.5524200997391149  -0.5515736832421257  0.5515086965969821  1.6565305682947848  -0.5501548653224588
-0.55258928346166  -0.5520286258310544  -0.5525963542878453  0.5502285026984287  -0.5499569007780204  -0.5501548653224588  1.6529061204138864

############################################################

Distribution of classes: [17, 16]
