# Matrix 1
4.287225754176218 -2.1325940390279805 -0.08591761432021557 0.15639428035793923 -0.11624302896996869 -0.07608073195788012 0.3880202168727512 1.3031638553027025
-2.1325940390279805 1.9472716243202906 -0.8276673011272918 -0.13953079830307946 0.14999277133160055 -0.058863270738295066 -0.036466623241449656 -0.11506956094093401
-0.08591761432021557 -0.8276673011272918 1.8769307555835286 -1.0408355246426466 -0.11473661818215646 0.18276530211401013 -0.24506750440855657 -0.1911509049780671
0.15639428035793923 -0.13953079830307946 -1.0408355246426466 2.1895891686850635 -1.0344713819733145 0.05861939796471204 0.06652193765684765 0.12282277524305059
-0.11624302896996869 0.14999277133160055 -0.11473661818215646 -1.0344713819733145 2.0313534275278182 -1.1384816439413967 -0.003992975497796099 -0.17215083786423727
-0.07608073195788012 -0.058863270738295066 0.18276530211401013 0.05861939796471204 -1.1384816439413967 2.209460188904514 -0.9465529907869852 0.3279433076496512
0.3880202168727512 -0.036466623241449656 -0.24506750440855657 0.06652193765684765 -0.003992975497796099 -0.9465529907869852 1.8685872808708395 0.07157311470753976
1.3031638553027025 -0.11506956094093401 -0.1911509049780671 0.12282277524305059 -0.17215083786423727 0.3279433076496512 0.07157311470753976 2.1186308008125754

# Matrix 2
3.7480557699731674 -1.8139981994238612 -0.158351138877206 0.004248491379165163 0.3096689192419126 -0.28339815916733213 0.3225186962917458 1.1608950992139995
-1.8139981994238612 1.9111223690914163 -0.8516856668542953 -0.3309932419372831 0.16003341256122625 0.0489063954139889 -0.05456504941603371 0.02179662674226834
-0.158351138877206 -0.8516856668542953 1.8708479198817427 -0.8785591670292967 -0.21804593246537846 0.1116427601361863 -0.20418459432189862 -0.2683566801976998
0.004248491379165163 -0.3309932419372831 -0.8785591670292967 2.337592792672806 -1.1330404484253984 0.17309208701325024 -0.0023438901259489205 -0.1466285761355884
0.3096689192419126 0.16003341256122625 -0.21804593246537846 -1.1330404484253984 2.2713190740991056 -1.4677676230960195 0.1068222130737519 0.2903827384737929
-0.28339815916733213 0.0489063954139889 0.1116427601361863 0.17309208701325024 -1.4677676230960195 2.628419154976672 -1.0769876910034895 0.2809751941739811
0.3225186962917458 -0.05456504941603371 -0.20418459432189862 -0.0023438901259489205 0.1068222130737519 -1.0769876910034895 1.8997774348404604 -0.16708796200809065
1.1608950992139995 0.02179662674226834 -0.2683566801976998 -0.1466285761355884 0.2903827384737929 0.2809751941739811 -0.16708796200809065 2.028778717694875

# Matrix 3
4.077138074346752 -1.915161686925446 -0.3689863214075948 0.19997111297194436 0.2683214379863774 -0.11784071033867254 0.24915691851547686 1.3158933545529141
-1.915161686925446 1.8930329284284826 -0.7162587919150329 -0.40590144835156805 0.0704825093560839 0.07691563817364243 0.043815777076274834 -0.06264779541491503
-0.3689863214075948 -0.7162587919150329 1.9391456439784762 -0.9430146679590441 -0.11094895552069567 -0.06538852903472336 -0.24058487921182747 -0.18725553512613485
0.19997111297194436 -0.40590144835156805 -0.9430146679590441 2.398418571516882 -1.1761791500591587 0.19641097813838204 -0.03264036393591026 -0.08452562560973714
0.2683214379863774 0.0704825093560839 -0.11094895552069567 -1.1761791500591587 2.244059926412448 -1.2891957698380891 0.006353463528127804 0.1059544258593494
-0.11784071033867254 0.07691563817364243 -0.06538852903472336 0.19641097813838204 -1.2891957698380891 2.1218721205831024 -0.5849732778239309 0.2675693946842559
0.24915691851547686 0.043815777076274834 -0.24058487921182747 -0.03264036393591026 0.006353463528127804 -0.5849732778239309 1.4775247784436034 0.017825966830594703
1.3158933545529141 -0.06264779541491503 -0.18725553512613485 -0.08452562560973714 0.1059544258593494 0.2675693946842559 0.017825966830594703 2.166356072776377

# Matrix 4
4.084584408462626 -1.789428725701935 -0.40862260169654613 0.003704933515185655 0.4694254519450578 -0.08750882393704847 -0.12343171523928945 1.4766814084604367
-1.789428725701935 1.8094628862315922 -0.7676942458521074 -0.2768719149219689 0.06265474203952777 0.06119501079440278 0.11999179283669806 -0.03571127408202933
-0.40862260169654613 -0.7676942458521074 2.1232967108702887 -1.0309753493860019 -0.33666849497646756 0.143304644524909 -0.21742470338240114 -0.1678330979796488
0.003704933515185655 -0.2768719149219689 -1.0309753493860019 2.4692336940902053 -1.1577938238323158 0.08877581530601987 0.08629905401682234 -0.24489616623384844
0.4694254519450578 0.06265474203952777 -0.33666849497646756 -1.1577938238323158 2.269172630705682 -1.2557089008663005 -0.030656192898058 0.02590811726126087
-0.08750882393704847 0.06119501079440278 0.143304644524909 0.08877581530601987 -1.2557089008663005 2.066158151769914 -0.5167859340995677 0.6156132134333222
-0.12343171523928945 0.11999179283669806 -0.21742470338240114 0.08629905401682234 -0.030656192898058 -0.5167859340995677 1.519854410225409 -0.1463224251781985
1.4766814084604367 -0.03571127408202933 -0.1678330979796488 -0.24489616623384844 0.02590811726126087 0.6156132134333222 -0.1463224251781985 2.400215547555253

# Matrix 5
4.186327853593157 -1.8269970829433435 -0.23566395469024748 -0.0872443450800573 0.4169462094005057 -0.16537553469113644 -0.09470295554590563 1.6352931170146565
-1.8269970829433435 1.860223190593354 -1.0207960142291936 -0.08862359985257742 0.2637747717335581 -0.052059928253392486 -0.0481616614032552 -0.14211134054251848
-0.23566395469024748 -1.0207960142291936 2.3520379134738425 -1.1622022819241142 -0.5183438987865416 0.3331344119275796 -0.15201871847487095 -0.35177439056991433
-0.0872443450800573 -0.08862359985257742 -1.1622022819241142 2.5768309169536785 -1.141676797305197 -0.10482875857529113 0.2743885023929277 0.014785188050723708
0.4169462094005057 0.2637747717335581 -0.5183438987865416 -1.141676797305197 2.3357544529355994 -1.3058840506148908 -0.028279344742009268 0.11276282438521042
-0.16537553469113644 -0.052059928253392486 0.3331344119275796 -0.10482875857529113 -1.3058840506148908 2.283695909069357 -0.6180540984611199 0.3929939827426633
-0.09470295554590563 -0.0481616614032552 -0.15201871847487095 0.2743885023929277 -0.028279344742009268 -0.6180540984611199 1.533128963159225 -0.16036517885065746
1.6352931170146565 -0.14211134054251848 -0.35177439056991433 0.014785188050723708 0.11276282438521042 0.3929939827426633 -0.16036517885065746 2.262508756412584

# Matrix 6
3.4477554129986974 -1.4296469347912726 -0.05555617024982172 -0.3826012126063 0.338797255552031 -0.15096446669975466 -0.10259636759538185 1.2465129665589898
-1.4296469347912726 1.8317055116345238 -1.214285986273837 -0.2167702498113103 0.46805669933678234 0.1056357344601462 -0.047928313629344285 0.28312958662086685
-0.05555617024982172 -1.214285986273837 2.4481770204857582 -1.1117152978199094 -0.5280997462702858 0.20942370170441071 -0.3193652285392756 -0.5078687967321568
-0.3826012126063 -0.2167702498113103 -1.1117152978199094 3.2742831424809715 -1.593664674555022 -0.2785572144442795 0.6310154827315113 -0.16654881592102455
0.338797255552031 0.46805669933678234 -0.5280997462702858 -1.593664674555022 2.5908183040652184 -1.153420253411346 -0.2860167549158739 0.1686640584964123
-0.15096446669975466 0.1056357344601462 0.20942370170441071 -0.2785572144442795 -1.153420253411346 2.284551146955036 -0.5875723151641766 0.468331433474677
-0.10259636759538185 -0.047928313629344285 -0.3193652285392756 0.6310154827315113 -0.2860167549158739 -0.5875723151641766 1.5396122209050718 -0.28316592740032887
1.2465129665589898 0.28312958662086685 -0.5078687967321568 -0.16654881592102455 0.1686640584964123 0.468331433474677 -0.28316592740032887 2.2425244807686058

# Matrix 7
3.692453998572655 -1.665303029980957 0.035911164893934706 -0.3541231042503414 0.5140292833381939 -0.42423062425841745 -0.13580280743368373 1.2439687343065615
-1.665303029980957 2.033910092558483 -1.2600201197636 -0.24916235491271416 0.3261680776062126 0.20728456553027128 0.010284385938524775 0.22154743202755614
0.035911164893934706 -1.2600201197636 2.3968464090209105 -0.9979319547435599 -0.4806611838611134 0.12595291732765804 -0.23965929933585975 -0.39479022736974256
-0.3541231042503414 -0.24916235491271416 -0.9979319547435599 3.0568574588603568 -1.4635070135318307 -0.23155090821222024 0.4354681948667685 -0.18564002458562
0.5140292833381939 0.3261680776062126 -0.4806611838611134 -1.4635070135318307 2.4446236417905602 -1.2272031819791986 -0.22767350418212426 0.18013672857974694
-0.42423062425841745 0.20728456553027128 0.12595291732765804 -0.23155090821222024 -1.2272031819791986 2.4824598056768563 -0.5417364009055747 0.24699985811749103
-0.13580280743368373 0.010284385938524775 -0.23965929933585975 0.4354681948667685 -0.22767350418212426 -0.5417364009055747 1.5090405445337685 -0.16094915018013145
1.2439687343065615 0.22154743202755614 -0.39479022736974256 -0.18564002458562 0.18013672857974694 0.24699985811749103 -0.16094915018013145 2.1672161082680397

# Matrix 8
4.34272427894285 -2.0183353398766717 0.0625214035280528 -0.3045081756299971 0.34698065771614245 -0.4538891157014888 0.13090164452536454 1.5061854775825911
-2.0183353398766717 2.3188828400217374 -1.449618203760938 -0.2635667594031545 0.4314449287213881 0.2994966893038088 0.12919281898171595 0.2061035370023231
0.0625214035280528 -1.449618203760938 2.5175549939536044 -0.8398665096273886 -0.5118705708429234 -0.039292183899927315 -0.38864485132888676 -0.5915093844817689
-0.3045081756299971 -0.2635667594031545 -0.8398665096273886 2.8088066712187105 -1.2970646121566127 -0.23276953390236377 0.12367606658543752 -0.18361888416345531
0.34698065771614245 0.4314449287213881 -0.5118705708429234 -1.2970646121566127 2.3206406318918735 -1.4679329334778737 0.12237945806834226 0.19512670164656382
-0.4538891157014888 0.2994966893038088 -0.039292183899927315 -0.23276953390236377 -1.4679329334778737 3.0693009332608447 -0.5414082958229113 0.29099685193590225
0.13090164452536454 0.12919281898171595 -0.38864485132888676 0.12367606658543752 0.12237945806834226 -0.5414082958229113 1.2074911813207856 0.14780621821981085
1.5061854775825911 0.2061035370023231 -0.5915093844817689 -0.18361888416345531 0.19512670164656382 0.29099685193590225 0.14780621821981085 2.408025256077749

# Matrix 9
4.521968802266304 -1.9643146044744602 -0.05279965102998146 -0.5253151646508436 0.5644815303725307 -0.4611954066527305 -0.11131020058915367 1.3631342331312462
-1.9643146044744602 2.098892411506827 -1.2652002882174824 -0.17883809123058508 0.40338383637462605 0.055397218694879874 0.25145908277325196 0.0459539739845342
-0.05279965102998146 -1.2652002882174824 2.5385857509164715 -1.0423860186390232 -0.4429540755336789 0.25635397627029627 -0.5323600165785172 -0.2163087513064376
-0.5253151646508436 -0.17883809123058508 -1.0423860186390232 3.0678669951739006 -1.3395022352219332 -0.3146460102247736 0.20176219601742637 -0.3875497498121568
0.5644815303725307 0.40338383637462605 -0.4429540755336789 -1.3395022352219332 2.1365987093890713 -1.2216942810013294 -0.030977170329928957 0.4393874832848737
-0.4611954066527305 0.055397218694879874 0.25635397627029627 -0.3146460102247736 -1.2216942810013294 2.5687385423749687 -0.359658592018543 0.07203221595883426
-0.11131020058915367 0.25145908277325196 -0.5323600165785172 0.20176219601742637 -0.030977170329928957 -0.359658592018543 1.3285954979151091 -0.13843610352576527
1.3631342331312462 0.0459539739845342 -0.2163087513064376 -0.3875497498121568 0.4393874832848737 0.07203221595883426 -0.13843610352576527 2.1292021955502056

# Matrix 10
1.918600812328443 0.9323509475249839 -0.706251122284929 0.8671695576401979 0.5916505314166065 -0.9319357543504024 0.9300049340298406 -0.5283608276966598
0.9323509475249839 2.22663493736848 -0.8599064559083366 0.4185471481171416 -0.49648855141960113 -0.1397121303741805 0.5069322483994873 -0.5251190269196725
-0.706251122284929 -0.8599064559083366 2.1319790821363958 0.48187366846698737 0.05995167575470571 -0.023591156234345285 0.005949401613147451 0.9183195342081395
0.8671695576401979 0.4185471481171416 0.48187366846698737 1.9289239443938513 0.7785759034711751 -0.08835759491796552 0.16634023665181033 -0.3587019482628894
0.5916505314166065 -0.49648855141960113 0.05995167575470571 0.7785759034711751 1.4292792595442552 -0.5291346369060501 0.31807500476769324 -0.5066070246382023
-0.9319357543504024 -0.1397121303741805 -0.023591156234345285 -0.08835759491796552 -0.5291346369060501 1.3128812914306138 -0.5959279920773558 -0.025958701315597563
0.9300049340298406 0.5069322483994873 0.005949401613147451 0.16634023665181033 0.31807500476769324 -0.5959279920773558 1.4603505484808095 0.04925566844230964
-0.5283608276966598 -0.5251190269196725 0.9183195342081395 -0.3587019482628894 -0.5066070246382023 -0.025958701315597563 0.04925566844230964 1.4792132190045522

# Matrix 11
1.9752003046549014 0.9791777018908425 -1.0397804114944016 0.7489093786173375 0.5739602425107883 -0.8835331947313732 1.0763076650440928 -0.5808674113193929
0.9791777018908425 2.2805195580850883 -0.9245322661233129 0.28282996198436855 -0.53029322868031 -0.13699131778577903 0.6541349917637455 -0.4525963444254988
-1.0397804114944016 -0.9245322661233129 2.4119220023840238 0.5503163822083222 0.08647048875425194 0.01770605371995089 -0.3352349392427861 0.8470805752209947
0.7489093786173375 0.28282996198436855 0.5503163822083222 2.086934795520942 0.907206851444297 0.009159557722306137 0.13395577388595456 -0.43064071664302517
0.5739602425107883 -0.53029322868031 0.08647048875425194 0.907206851444297 1.463772101978926 -0.47453156488352144 0.2406838381482646 -0.5676606834127701
-0.8835331947313732 -0.13699131778577903 0.01770605371995089 0.009159557722306137 -0.47453156488352144 1.3523568739577707 -0.5394218140208221 -0.017346394057587464
1.0763076650440928 0.6541349917637455 -0.3352349392427861 0.13395577388595456 0.2406838381482646 -0.5394218140208221 1.4686132574363993 -0.026872960334608953
-0.5808674113193929 -0.4525963444254988 0.8470805752209947 -0.43064071664302517 -0.5676606834127701 -0.017346394057587464 -0.026872960334608953 1.3215834398916462

# Matrix 12
2.0461649774629196 0.9875398742376942 -1.2738147832545625 0.802315686550932 0.5372075101635655 -0.7810936793276602 0.9710092619248909 -0.8610839494063256
0.9875398742376942 2.2682948539235874 -0.8862794568526507 0.3088353591527613 -0.5893185251923692 -0.11225293212076262 0.6169548443313891 -0.47314141569484025
-1.2738147832545625 -0.8862794568526507 2.773801798911555 0.5724502040822119 0.053386764117717415 0.10725310507026935 -0.42578018349349434 0.9623829191817659
0.802315686550932 0.3088353591527613 0.5724502040822119 2.1261244917028868 0.8886401574698849 0.048097711726121706 0.1790081749822973 -0.4651812806595751
0.5372075101635655 -0.5893185251923692 0.053386764117717415 0.8886401574698849 1.5974483239649646 -0.44510689054802344 0.2911569747729559 -0.6848028859864916
-0.7810936793276602 -0.11225293212076262 0.10725310507026935 0.048097711726121706 -0.44510689054802344 1.2038697895270285 -0.3546127443610638 0.19629110154990043
0.9710092619248909 0.6169548443313891 -0.42578018349349434 0.1790081749822973 0.2911569747729559 -0.3546127443610638 1.3399533000221615 -0.3413808520534461
-0.8610839494063256 -0.47314141569484025 0.9623829191817659 -0.4651812806595751 -0.6848028859864916 0.19629110154990043 -0.3413808520534461 1.2769802784881226

# Matrix 13
2.2504038382372578 0.8860369119585969 -1.473827514066344 0.8232987093319962 0.585585159040343 -0.8394673566836717 0.9655823379032992 -0.7503444448421961
0.8860369119585969 2.2595037007428695 -0.8736389150954631 0.22276000669610285 -0.7889548386318611 -0.01126403340558464 0.4672304268336107 -0.37542055708901095
-1.473827514066344 -0.8736389150954631 3.0493100009807774 0.6061651310837358 0.03906588487849506 0.20371026677986065 -0.4806030313646061 0.979352531692481
0.8232987093319962 0.22276000669610285 0.6061651310837358 2.084420599961251 0.8562875278983464 0.03998574547093651 0.10009432074850183 -0.3905751927818488
0.585585159040343 -0.7889548386318611 0.03906588487849506 0.8562875278983464 1.703254887294651 -0.5467589990725625 0.22794546896593726 -0.5991276653668788
-0.8394673566836717 -0.01126403340558464 0.20371026677986065 0.03998574547093651 -0.5467589990725625 1.223612749714987 -0.32723499003700596 0.08740935332193121
0.9655823379032992 0.4672304268336107 -0.4806030313646061 0.10009432074850183 0.22794546896593726 -0.32723499003700596 1.1931950366073631 -0.2509716331968978
-0.7503444448421961 -0.37542055708901095 0.979352531692481 -0.3905751927818488 -0.5991276653668788 0.08740935332193121 -0.2509716331968978 1.2304870733166988

# Matrix 14
2.259814800323201 0.8075179609585069 -1.5037476517747976 0.6518421053023848 0.6382015216095752 -1.0908711982522818 0.934132991889475 -0.7103983645542065
0.8075179609585069 1.8313508951205268 -0.9407275228321073 0.028034537156689875 -0.5360307402158423 -0.17625962202371417 0.4944218438917153 -0.3539469481181191
-1.5037476517747976 -0.9407275228321073 3.14541225276299 0.6634146342633626 0.08297101768467194 0.36288774910416194 -0.3452569712600072 0.9697189359802306
0.6518421053023848 0.028034537156689875 0.6634146342633626 1.8418843503255875 0.8600301684279738 0.044974172159614065 0.1544248875646509 -0.35229253966218865
0.6382015216095752 -0.5360307402158423 0.08297101768467194 0.8600301684279738 1.5287558731398034 -0.5510076964686985 0.24578865108834647 -0.5236151637138369
-1.0908711982522818 -0.17625962202371417 0.36288774910416194 0.044974172159614065 -0.5510076964686985 1.4460032626438817 -0.4074681069064832 0.12207312677086773
0.934132991889475 0.4944218438917153 -0.3452569712600072 0.1544248875646509 0.24578865108834647 -0.4074681069064832 1.292899711480597 -0.18065419230085297
-0.7103983645542065 -0.3539469481181191 0.9697189359802306 -0.35229253966218865 -0.5236151637138369 0.12207312677086773 -0.18065419230085297 1.184495486292275

# Matrix 15
2.7632808860405387 0.9861795648416622 -1.7243687682542752 0.887957664755127 0.7011971481586868 -1.2089796908350054 1.028964127431266 -0.887652883746975
0.9861795648416622 1.8349843797592302 -0.9568582747011869 0.28802867098054935 -0.46304004707552604 -0.16090194666565993 0.47589152022758135 -0.41295041162521967
-1.7243687682542752 -0.9568582747011869 2.9818469265381395 0.3829541710018936 0.05975157331823236 0.49382815509904454 -0.3929596970681938 0.9565141556449711
0.887957664755127 0.28802867098054935 0.3829541710018936 1.7693732564217148 0.6970754850465241 0.03846979645784451 0.2112165705960767 -0.4912851383815938
0.7011971481586868 -0.46304004707552604 0.05975157331823236 0.6970754850465241 1.5982572779587298 -0.6640735453790838 0.3599600491927035 -0.585709209276223
-1.2089796908350054 -0.16090194666565993 0.49382815509904454 0.03846979645784451 -0.6640735453790838 1.4392167898800483 -0.4109001673116797 0.18280010716709952
1.028964127431266 0.47589152022758135 -0.3929596970681938 0.2112165705960767 0.3599600491927035 -0.4109001673116797 1.2846227599643576 -0.1942395589541587
-0.887652883746975 -0.41295041162521967 0.9565141556449711 -0.4912851383815938 -0.585709209276223 0.18280010716709952 -0.1942395589541587 1.2310387277751236

# Matrix 16
2.9982845771245685 1.1588628018244642 -1.7188451541063596 0.8742655429921875 0.6467373933452955 -1.4805819908111977 1.0497325984305463 -0.8904443660593204
1.1588628018244642 1.8479169301853353 -0.8072856854465347 0.43577931894287203 -0.2664909618156109 -0.36572417506739796 0.6228911702133197 -0.4498534542032082
-1.7188451541063596 -0.8072856854465347 3.062265596496194 0.5811119612812967 0.06686569543869599 0.6416772634683278 -0.36337993576777383 0.8721847995791846
0.8742655429921875 0.43577931894287203 0.5811119612812967 1.7926454598363508 0.742379423110569 -0.056061567208074786 0.3000206331243908 -0.5118154761571446
0.6467373933452955 -0.2664909618156109 0.06686569543869599 0.742379423110569 1.38686853149661 -0.5935669752581115 0.27047365047581007 -0.5971753873821622
-1.4805819908111977 -0.36572417506739796 0.6416772634683278 -0.056061567208074786 -0.5935669752581115 1.6293476325066 -0.3435391799953616 0.2389966761978319
1.0497325984305463 0.6228911702133197 -0.36337993576777383 0.3000206331243908 0.27047365047581007 -0.3435391799953616 1.2696876792727567 -0.21169254560878625
-0.8904443660593204 -0.4498534542032082 0.8721847995791846 -0.5118154761571446 -0.5971753873821622 0.2389966761978319 -0.21169254560878625 1.2095568336044584

# Matrix 17
3.4876648877055403 1.2585915049647738 -2.002220527980135 0.8840120513400859 0.7260346613619546 -1.8756808248928443 1.282302759635775 -0.8973241432553308
1.2585915049647738 1.7388950798769163 -0.6575157769271436 0.4600300287914784 -0.25231589404005755 -0.5011318985382113 0.6384472731854717 -0.33875345556324205
-2.002220527980135 -0.6575157769271436 3.1743339089985496 0.4621265860823214 -0.15686474756187893 0.9340196465406613 -0.4618418171861321 0.8710093071151629
0.8840120513400859 0.4600300287914784 0.4621265860823214 1.67999288187292 0.7656834193333074 -0.0878051489886534 0.37584657648603076 -0.5418320895176986
0.7260346613619546 -0.25231589404005755 -0.15686474756187893 0.7656834193333074 1.446095736977676 -0.6156635055492492 0.38052950928418955 -0.6672890041363412
-1.8756808248928443 -0.5011318985382113 0.9340196465406613 -0.0878051489886534 -0.6156635055492492 1.857606171024309 -0.5108300917429183 0.32569766531533767
1.282302759635775 0.6384472731854717 -0.4618418171861321 0.37584657648603076 0.38052950928418955 -0.5108300917429183 1.4247888355734664 -0.15377020491974372
-0.8973241432553308 -0.33875345556324205 0.8710093071151629 -0.5418320895176986 -0.6672890041363412 0.32569766531533767 -0.15377020491974372 1.191088426005781

# Matrix 18
3.760370785238741 1.1971075088143799 -2.2533750828489296 0.9721206567890699 0.8533688960037519 -2.0405480764388066 1.4154064574372818 -1.0507730238243922
1.1971075088143799 1.7597040618457989 -0.7627409795967608 0.3375154814299741 -0.4162945965859398 -0.47639039254655513 0.6448269058941416 -0.28607412901371865
-2.2533750828489296 -0.7627409795967608 3.425458455630054 0.5054994023077874 0.013149339213518303 1.0435292698053216 -0.5245810888778124 0.8156012562047309
0.9721206567890699 0.3375154814299741 0.5054994023077874 1.749116534941954 0.8577723029696466 -0.18302381902375797 0.4117075499297125 -0.6513855235952198
0.8533688960037519 -0.4162945965859398 0.013149339213518303 0.8577723029696466 1.5290212550331252 -0.7451934782152834 0.45906915990593633 -0.6592226592065301
-2.0405480764388066 -0.47639039254655513 1.0435292698053216 -0.18302381902375797 -0.7451934782152834 1.9834399350946348 -0.600176242713216 0.4306725083238213
1.4154064574372818 0.6448269058941416 -0.5245810888778124 0.4117075499297125 0.45906915990593633 -0.600176242713216 1.4672670313725384 -0.1325891635304853
-1.0507730238243922 -0.28607412901371865 0.8156012562047309 -0.6513855235952198 -0.6592226592065301 0.4306725083238213 -0.1325891635304853 1.2956858059407723

# Matrix 19
3.5039432696653785 1.1468904869531815 -1.9210125416806314 0.9675511317935908 0.6555447348137871 -2.0390964755636296 1.1574718806055626 -0.917472199281673
1.1468904869531815 1.7429000684612153 -0.6621782057831408 0.2914374873405126 -0.4920587649997425 -0.567979070344649 0.5508022734138468 -0.20794874875189256
-1.9210125416806314 -0.6621782057831408 3.1713125651463407 0.6692155713593632 0.14133112254623434 1.0433677704408886 -0.3779771797657986 0.4835533336288642
0.9675511317935908 0.2914374873405126 0.6692155713593632 1.799950069659342 0.8554459857559793 -0.1953205670919567 0.40814805137144206 -0.7677552571213931
0.6555447348137871 -0.4920587649997425 0.14133112254623434 0.8554459857559793 1.4251710211043163 -0.5768864881217662 0.3757970450851942 -0.698514377103537
-2.0390964755636296 -0.567979070344649 1.0433677704408886 -0.1953205670919567 -0.5768864881217662 2.1015511913140354 -0.36343382344865444 0.4696608398019984
1.1574718806055626 0.5508022734138468 -0.3779771797657986 0.40814805137144206 0.3757970450851942 -0.36343382344865444 1.3927065631833864 -0.05389195011029921
-0.917472199281673 -0.20794874875189256 0.4835533336288642 -0.7677552571213931 -0.698514377103537 0.4696608398019984 -0.05389195011029921 1.3455831688380981

# Matrix 20
1.5937048438782777 -0.12859993442893067 -0.7410160343889864 -0.44938918408784895 -0.7621080727896258 -0.05777055984762065 0.5010180776173798 -0.6249959629776605
-0.12859993442893067 1.4088997924418951 -0.08603669308398253 0.10356267130213072 -0.4700294054311689 -0.6055602687164005 -0.3615420489965912 -0.24301875550191607
-0.7410160343889864 -0.08603669308398253 1.5383299726188568 0.6236065080070834 0.223015960726968 0.6361479060659986 -0.013407896646245119 0.5197190884037182
-0.44938918408784895 0.10356267130213072 0.6236065080070834 1.5465480969095193 0.6919054364964468 0.30536992990568584 0.3690835759985941 0.7177912317409642
-0.7621080727896258 -0.4700294054311689 0.223015960726968 0.6919054364964468 1.8839536340526795 0.49972745044978384 0.46508461618917063 0.8434505590806647
-0.05777055984762065 -0.6055602687164005 0.6361479060659986 0.30536992990568584 0.49972745044978384 1.3331085811947605 0.6049907014033576 0.6942996326796663
0.5010180776173798 -0.3615420489965912 -0.013407896646245119 0.3690835759985941 0.46508461618917063 0.6049907014033576 1.3639598522014933 0.25139241533111095
-0.6249959629776605 -0.24301875550191607 0.5197190884037182 0.7177912317409642 0.8434505590806647 0.6942996326796663 0.25139241533111095 1.3208322638867793

# Matrix 21
1.8337878256967668 -0.40262199693535794 -0.7153179223788156 -0.5157540949210176 -0.8522500785866833 0.14514976193398213 0.6244034826467484 -0.7063965978758018
-0.40262199693535794 1.4165848790907336 -0.11341767664410876 0.017915257086008617 -0.28071182037753556 -0.6003655615880447 -0.46545915366456825 -0.3006338766177616
-0.7153179223788156 -0.11341767664410876 1.4380258525491318 0.6162092620633891 0.19654405511329034 0.598963252000396 -0.054381592767545325 0.5764079231081124
-0.5157540949210176 0.017915257086008617 0.6162092620633891 1.6906096556905452 0.837242587310035 0.15150676731853077 0.282489899456318 0.7477902611615036
-0.8522500785866833 -0.28071182037753556 0.19654405511329034 0.837242587310035 1.8280867065892137 0.23998108338002588 0.312468616887766 0.9595782182146315
0.14514976193398213 -0.6003655615880447 0.598963252000396 0.15150676731853077 0.23998108338002588 1.3444275612456604 0.6276299032098346 0.575826750200835
0.6244034826467484 -0.46545915366456825 -0.054381592767545325 0.282489899456318 0.312468616887766 0.6276299032098346 1.4026604648545993 0.20726940350907525
-0.7063965978758018 -0.3006338766177616 0.5764079231081124 0.7477902611615036 0.9595782182146315 0.575826750200835 0.20726940350907525 1.3165559616403761

# Matrix 22
1.7549015395166634 -0.4617890672610363 -0.5597942088890383 -0.48243988359564777 -0.8484493264330719 0.15539057504231044 0.6544740341252874 -0.6366820638589769
-0.4617890672610363 1.219780550058123 -0.19606941680438095 0.029604902682456153 -0.10868269795047038 -0.59269616980685 -0.42890694768461424 -0.21251611653151306
-0.5597942088890383 -0.19606941680438095 1.4977175270213465 0.6525471353947216 0.06587789245748314 0.7364717584676174 -0.05440790960157136 0.5835225670794187
-0.48243988359564777 0.029604902682456153 0.6525471353947216 1.8962222010869065 0.8046138090043352 0.16121806015013404 0.32856513836005463 0.8789061682754279
-0.8484493264330719 -0.10868269795047038 0.06587789245748314 0.8046138090043352 1.7893107982895444 0.12061572460237828 0.19585094280558582 0.9222133296629287
0.15539057504231044 -0.59269616980685 0.7364717584676174 0.16121806015013404 0.12061572460237828 1.5503164820618345 0.5529783690121158 0.6800872502567225
0.6544740341252874 -0.42890694768461424 -0.05440790960157136 0.32856513836005463 0.19585094280558582 0.5529783690121158 1.3649921245165981 0.2547617489973382
-0.6366820638589769 -0.21251611653151306 0.5835225670794187 0.8789061682754279 0.9222133296629287 0.6800872502567225 0.2547617489973382 1.3277665569910007

# Matrix 23
2.1047537900416486 -0.7697093985264484 -0.6760382520412653 -0.533471591126906 -0.842407469567427 0.3559472737351327 0.9086701775883327 -0.702608962503097
-0.7697093985264484 1.3753501074189989 -0.08061491098899455 0.17162454068290164 -0.03493581180927626 -0.6595719966950125 -0.557392589082949 -0.11116598782286936
-0.6760382520412653 -0.08061491098899455 1.5265362827280569 0.6896134729065869 0.06716383171304248 0.788147966039771 -0.11897515562531717 0.6508002038478932
-0.533471591126906 0.17162454068290164 0.6896134729065869 2.0858527426488913 1.0005150768009656 0.2036914259705574 0.4648963590017619 0.9804919750426667
-0.842407469567427 -0.03493581180927626 0.06716383171304248 1.0005150768009656 1.775280488339957 0.037085568245011115 0.22438507265203486 0.9756042258518686
0.3559472737351327 -0.6595719966950125 0.788147966039771 0.2036914259705574 0.037085568245011115 1.7599832350221414 0.6802171207533315 0.7554590264687199
0.9086701775883327 -0.557392589082949 -0.11897515562531717 0.4648963590017619 0.22438507265203486 0.6802171207533315 1.4919221131694724 0.22798003897147603
-0.702608962503097 -0.11116598782286936 0.6508002038478932 0.9804919750426667 0.9756042258518686 0.7554590264687199 0.22798003897147603 1.4624763479752223

# Matrix 24
2.157515763585742 -0.8914278467848826 -0.4756197409528221 -0.6860989339556509 -0.974612372052882 0.4541334681637257 0.863942686033442 -0.6804380436202877
-0.8914278467848826 1.3865569893552425 -0.09552218485696574 0.2737178636217619 0.11459380072709446 -0.7210965670684305 -0.5904453637375574 -0.11704640683608825
-0.4756197409528221 -0.09552218485696574 1.5453604906988356 0.7286581571318449 -0.12312669353303649 0.8787490904399988 0.07809815771902666 0.648574008842071
-0.6860989339556509 0.2737178636217619 0.7286581571318449 2.0993242313647498 1.0263522529949423 0.08287032489200218 0.40606124634541585 0.9235473045160779
-0.974612372052882 0.11459380072709446 -0.12312669353303649 1.0263522529949423 1.8752609665867914 -0.24743100239090027 0.21333518063435009 0.7707230696696585
0.4541334681637257 -0.7210965670684305 0.8787490904399988 0.08287032489200218 -0.24743100239090027 1.889581810319944 0.7856885481596532 0.8128813424544652
0.863942686033442 -0.5904453637375574 0.07809815771902666 0.40606124634541585 0.21333518063435009 0.7856885481596532 1.6314468107450717 0.2519961349727459
-0.6804380436202877 -0.11704640683608825 0.648574008842071 0.9235473045160779 0.7707230696696585 0.8128813424544652 0.2519961349727459 1.364601925145183

# Matrix 25
2.275241894698 -0.8575339111318065 -0.5175101302885634 -0.46728068806561607 -0.9449030987129245 0.38594804339721356 1.0802774300486857 -0.7821122430181042
-0.8575339111318065 1.4210647127995728 -0.0555518694153018 0.2517521248562342 0.08835238226625544 -0.7404897464422736 -0.6530398415708523 -0.13866066444146494
-0.5175101302885634 -0.0555518694153018 1.5717934215872356 0.782992838595678 -0.10425670384758016 0.7842739649054882 -0.02224579619542249 0.6061709062530901
-0.46728068806561607 0.2517521248562342 0.782992838595678 2.348067650741381 0.9688123812726046 0.11630024194971128 0.41970266847864 1.0558411069923763
-0.9449030987129245 0.08835238226625544 -0.10425670384758016 0.9688123812726046 1.7929988373802912 -0.17986282344103632 0.130471821603162 0.8017050193532897
0.38594804339721356 -0.7404897464422736 0.7842739649054882 0.11630024194971128 -0.17986282344103632 1.7066043924184433 0.702004064835035 0.7608579331371781
1.0802774300486857 -0.6530398415708523 -0.02224579619542249 0.41970266847864 0.130471821603162 0.702004064835035 1.6414004678758034 0.07149387597394263
-0.7821122430181042 -0.13866066444146494 0.6061709062530901 1.0558411069923763 0.8017050193532897 0.7608579331371781 0.07149387597394263 1.4929442683238174

# Matrix 26
2.2868875722539843 -0.9724148700083031 -0.6606290958089845 -0.3686031802338148 -0.7767221759164573 0.4050021333638187 1.1750309613248364 -0.6909554340431683
-0.9724148700083031 1.403930157081866 0.1288880553370021 0.4497655030474068 0.08035173067773341 -0.7671385967973994 -0.7242172186818541 -0.0632064425887268
-0.6606290958089845 0.1288880553370021 1.6427641978381848 1.010378873705879 0.039254659332607314 0.6391801185338313 -0.030313017710015246 0.5983336521479384
-0.3686031802338148 0.4497655030474068 1.010378873705879 2.662407358407307 0.8508420207142167 0.026858884825087175 0.3383364189777153 1.0317950353308651
-0.7767221759164573 0.08035173067773341 0.039254659332607314 0.8508420207142167 1.5953295342603897 -0.1150467540940305 0.04730785649539015 0.777801690214421
0.4050021333638187 -0.7671385967973994 0.6391801185338313 0.026858884825087175 -0.1150467540940305 1.8280707045925977 0.9246144913409857 0.7662139528432912
1.1750309613248364 -0.7242172186818541 -0.030313017710015246 0.3383364189777153 0.04730785649539015 0.9246144913409857 1.6648327816878374 0.16638133087734452
-0.6909554340431683 -0.0632064425887268 0.5983336521479384 1.0317950353308651 0.777801690214421 0.7662139528432912 0.16638133087734452 1.4414596923463137

# Matrix 27
2.284637791249581 -0.7873071634149342 -0.6695624513220039 -0.30324000772948334 -0.7401085199485445 0.3437331686029585 1.244079689374823 -0.802937880113865
-0.7873071634149342 1.3567476464797918 0.10069473708248056 0.48740106237644476 -0.04708016227183169 -0.7796883513699461 -0.715606769002835 -0.11657244499082259
-0.6695624513220039 0.10069473708248056 1.5504771544148324 0.9779450511882067 0.11736041040101099 0.5463143349777709 -0.08761035133328511 0.6174792556273773
-0.30324000772948334 0.48740106237644476 0.9779450511882067 2.971286085644383 0.9445731435259832 -0.12794735940462001 0.2873398803007889 1.0148893156342036
-0.7401085199485445 -0.04708016227183169 0.11736041040101099 0.9445731435259832 1.6670425061137275 -0.001335975742939566 0.13129931883426066 0.803978409338851
0.3437331686029585 -0.7796883513699461 0.5463143349777709 -0.12794735940462001 -0.001335975742939566 1.7940636123052378 0.9535186878717692 0.7327741280245204
1.244079689374823 -0.715606769002835 -0.08761035133328511 0.2873398803007889 0.13129931883426066 0.9535186878717692 1.808857595729884 0.028436430106441788
-0.802937880113865 -0.11657244499082259 0.6174792556273773 1.0148893156342036 0.803978409338851 0.7327741280245204 0.028436430106441788 1.4120509160895156

# Matrix 28
2.2470410564054775 -0.6518871318966396 -0.7594215336576594 -0.44261461593813284 -0.7401550735040888 0.21209746108823624 1.1210046513171334 -0.8847466004994927
-0.6518871318966396 1.1531922759348003 0.18860074824266787 0.542557732813229 -0.09144648144564847 -0.5797031176199817 -0.6305710856570261 0.027395398445957415
-0.7594215336576594 0.18860074824266787 1.6083377537006387 0.9467601458078656 0.04611815922387775 0.276792345469955 -0.27928220882116156 0.4717853978604494
-0.44261461593813284 0.542557732813229 0.9467601458078656 3.0197897078841134 0.9874875085373311 -0.19612893349601995 0.0831024514421562 1.1134128832037031
-0.7401550735040888 -0.09144648144564847 0.04611815922387775 0.9874875085373311 1.7504106968055495 0.11205012750666266 0.173195688348037 0.8696929030123296
0.21209746108823624 -0.5797031176199817 0.276792345469955 -0.19612893349601995 0.11205012750666266 1.6289407467731543 0.9067424097248162 0.6971719824909935
1.1210046513171334 -0.6305710856570261 -0.27928220882116156 0.0831024514421562 0.173195688348037 0.9067424097248162 1.5870120445248026 -0.0007237651566671302
-0.8847466004994927 0.027395398445957415 0.4717853978604494 1.1134128832037031 0.8696929030123296 0.6971719824909935 -0.0007237651566671302 1.5223570993568372

# Matrix 29
2.355756360455079 -0.7841384990013249 -0.5081596662529814 -0.11716027062707729 -0.7767282908262401 0.38908941550711473 1.0875605970478737 -0.6743046577489669
-0.7841384990013249 1.2902331056697984 0.09061388004190382 0.43902053289801835 0.014428797402673024 -0.6908883602157292 -0.6725195985910697 0.054517027207691145
-0.5081596662529814 0.09061388004190382 1.4081574852340417 0.6494857712231705 -0.0875654019739845 0.44376100936607277 -0.0897473836596947 0.3617449931185194
-0.11716027062707729 0.43902053289801835 0.6494857712231705 2.7629665275573116 0.8128265266665207 -0.21456707393072508 0.26186002359467886 0.9678314802772057
-0.7767282908262401 0.014428797402673024 -0.0875654019739845 0.8128265266665207 1.5201233710153759 -0.017575794109926386 0.15870477390133428 0.7568715553668732
0.38908941550711473 -0.6908883602157292 0.44376100936607277 -0.21456707393072508 -0.017575794109926386 1.8410651109914498 1.1153315754726227 0.585268216199701
1.0875605970478737 -0.6725195985910697 -0.0897473836596947 0.26186002359467886 0.15870477390133428 1.1153315754726227 1.680450874585448 0.09093678679169895
-0.6743046577489669 0.054517027207691145 0.3617449931185194 0.9678314802772057 0.7568715553668732 0.585268216199701 0.09093678679169895 1.3180461626394957

# Matrix 30
1.3382009347772634 -0.09624156912049354 0.5237651118440486 0.2551873229772657 0.09563408386054413 0.005952468053229729 -0.6439064141053389 0.3995724857079076
-0.09624156912049354 1.291482454345646 -0.45441021803330445 -0.21481611303732598 0.5522881945838622 0.43212321145381455 0.023616355205223528 -0.5807721115927751
0.5237651118440486 -0.45441021803330445 2.0987239394802795 -0.6733911075473766 0.39565314330396656 -0.767827902990116 0.31759235957768533 0.4940241650211678
0.2551873229772657 -0.21481611303732598 -0.6733911075473766 1.5627899338073672 0.062139591459663045 0.7617460080328508 0.13729142419614565 0.08591076395663763
0.09563408386054413 0.5522881945838622 0.39565314330396656 0.062139591459663045 1.3214546558961953 -0.14419410608456606 0.4664617444939105 -0.36843170278130577
0.005952468053229729 0.43212321145381455 -0.767827902990116 0.7617460080328508 -0.14419410608456606 1.3419981986693073 0.13885172448726116 -0.2500607412206472
-0.6439064141053389 0.023616355205223528 0.31759235957768533 0.13729142419614565 0.4664617444939105 0.13885172448726116 1.6857556470498907 -0.4808936928088358
0.3995724857079076 -0.5807721115927751 0.4940241650211678 0.08591076395663763 -0.36843170278130577 -0.2500607412206472 -0.4808936928088358 1.3330111576266102

# Matrix 31
1.1611481253452005 -0.16710389984667853 0.4251588445942834 0.2998992916716918 0.12931810174482045 -0.13578097687722193 -0.5827094877757963 0.46121732874211024
-0.16710389984667853 1.3629530827202399 -0.4759878603436043 -0.212404504630793 0.5850034627294647 0.4424589990409512 -0.0036547082031561486 -0.5236982448470489
0.4251588445942834 -0.4759878603436043 2.2815663882214463 -0.5956406723922403 0.5284230211616313 -0.8126698738487433 0.5817042944440491 0.4434001450703049
0.2998992916716918 -0.212404504630793 -0.5956406723922403 1.5850783720656225 0.19656848579150546 0.628867587460146 0.05495101192511636 0.13873839866863857
0.12931810174482045 0.5850034627294647 0.5284230211616313 0.19656848579150546 1.4470357646209842 -0.15808621634708883 0.4584578347196018 -0.2469203785477883
-0.13578097687722193 0.4424589990409512 -0.8126698738487433 0.628867587460146 -0.15808621634708883 1.274823080925122 0.19312396894680067 -0.2955192989499825
-0.5827094877757963 -0.0036547082031561486 0.5817042944440491 0.05495101192511636 0.4584578347196018 0.19312396894680067 1.6392581211157975 -0.3734777300589458
0.46121732874211024 -0.5236982448470489 0.4434001450703049 0.13873839866863857 -0.2469203785477883 -0.2955192989499825 -0.3734777300589458 1.2733128194838599

# Matrix 32
1.0988151627785088 -0.1793422930178247 0.23360543654912416 0.3214107858652458 0.03544394612904727 -0.09933590705691099 -0.5376563530816617 0.35626864918802587
-0.1793422930178247 1.2676494474310473 -0.5791279416155958 -0.0789695520518482 0.5611319388828415 0.47700422395568703 -0.028276819449604113 -0.5688005007715778
0.23360543654912416 -0.5791279416155958 2.5060517816571393 -0.7366402235963946 0.5040987447602462 -0.9727241838339626 0.8675891161040628 0.329187842392043
