# Matrix 1
1.337480609988025 0.6687403049544871 0.6687403049755903 0.6687403049729091
0.6687403049544871 1.3374806098764351 3.864974680035615e-11 1.0154150933783506e-11
0.6687403049755903 3.864974680035615e-11 1.3374806099262218 0.6687403049768015
0.6687403049729091 1.0154150933783506e-11 0.6687403049768015 1.3374806099416439

# Matrix 2
1.3374806097256775 -5.318880075225079e-10 0.6687403047017277 0.6687403046531696
-5.318880075225079e-10 1.337480609611652 0.6687403041106158 -1.553742189301305e-9
0.6687403047017277 0.6687403041106158 1.337480609504557 0.6687403041611675
0.6687403046531696 -1.553742189301305e-9 0.6687403041611675 1.337480609686164

# Matrix 3
1.1962790249769797 0.29906975383285367 0.29906975755072274 0.29906975759271787
0.29906975383285367 1.1962790249769772 -0.2990697579630463 -0.29906975670280694
0.29906975755072274 -0.2990697579630463 1.1962790249769804 -0.29906975382332546
0.29906975759271787 -0.29906975670280694 -0.29906975382332546 1.196279024976977

