# Matrix 1
1.4142135624742826 0.707106780643046 0.7071067810417653 -0.7071067810402946
0.707106780643046 1.4142135612053928 3.3587008414961094e-10 1.6228613727606815e-10
0.7071067810417653 3.3587008414961094e-10 1.4142135616223988 1.7036524802361678e-10
-0.7071067810402946 1.6228613727606815e-10 1.7036524802361678e-10 1.414213562416826

# Matrix 2
1.4142135624991496 0.7071067811125646 -0.7071067811079814 -0.70710678083763
0.7071067811125646 1.4142135619576919 -0.7071067806546764 3.572021272859758e-10
-0.7071067811079814 -0.7071067806546764 1.4142135620502254 0.7071067807677747
-0.70710678083763 3.572021272859758e-10 0.7071067807677747 1.414213561968971

# Matrix 3
1.414213562197527 0.7071067807104409 0.7071067808374759 -0.7071067808400756
0.7071067807104409 1.4142135621430765 0.7071067807477741 -0.7071067810113268
0.7071067808374759 0.7071067807477741 1.414213562077174 1.551136944145707e-10
-0.7071067808400756 -0.7071067810113268 1.551136944145707e-10 1.4142135619201788

# Matrix 4
1.4142135624644958 0.7071067804353937 0.7071067810998775 0.7071067810354369
0.7071067804353937 1.414213560916575 0.7071067807513578 0.7071067803659752
0.7071067810998775 0.7071067807513578 1.4142135629804462 4.26416592773898e-11
0.7071067810354369 0.7071067803659752 4.26416592773898e-11 1.414213561594679

# Matrix 5
1.414213560380599 0.7071067800514905 0.7071067790415966 0.7071067801641224
0.7071067800514905 1.414213560956597 4.8097720522425364e-11 0.707106782268892
0.7071067790415966 4.8097720522425364e-11 1.4142135613235798 0.707106780261042
0.7071067801641224 0.707106782268892 0.707106780261042 1.414213563660338

# Matrix 6
1.414213561208792 0.7071067799507351 0.7071067793041649 -0.7071067804673857
0.7071067799507351 1.4142135621759777 0.7071067797149785 1.1915940475037931e-9
0.7071067793041649 0.7071067797149785 1.4142135625460712 -0.7071067805294216
-0.7071067804673857 1.1915940475037931e-9 -0.7071067805294216 1.4142135606694641

# Matrix 7
1.41421356255421 -0.707106781276836 -0.707106781266837 -0.7071067812584931
-0.707106781276836 1.4142135622325822 0.7071067809352168 0.7071067813237178
-0.707106781266837 0.7071067809352168 1.414213562218219 2.6061143385273832e-11
-0.7071067812584931 0.7071067813237178 2.6061143385273832e-11 1.4142135624993826

# Matrix 8
1.4142135630805142 -0.7071067812217777 0.7071067813668039 -0.7071067812550954
-0.7071067812217777 1.4142135625621024 -0.7071067812275277 -5.933513984289586e-10
0.7071067813668039 -0.7071067812275277 1.4142135621859675 -0.7071067804088604
-0.7071067812550954 -5.933513984289586e-10 -0.7071067804088604 1.4142135616242189

# Matrix 9
1.4142135600546062 0.7071067794104094 -0.7071067800128855 0.7071067791437261
0.7071067794104094 1.414213561654647 -3.0023965058999917e-10 0.7071067816293478
-0.7071067800128855 -3.0023965058999917e-10 1.4142135610433175 -0.7071067785103498
0.7071067791437261 0.7071067816293478 -0.7071067785103498 1.4142135612563724

# Matrix 10
1.4142135622689376 -0.70710678071032 -0.7071067806056871 0.7071067801648446
-0.70710678071032 1.4142135614711229 0.7071067814373482 1.2600953512840266e-10
-0.7071067806056871 0.7071067814373482 1.4142135618106684 -0.7071067799428635
0.7071067801648446 1.2600953512840266e-10 -0.7071067799428635 1.4142135615768467

# Matrix 11
1.4142135613791422 -0.707106779548273 0.7071067803687213 -0.7071067805046355
-0.707106779548273 1.4142135604914445 -0.7071067778647394 0.7071067811413508
0.7071067803687213 -0.7071067778647394 1.4142135605802324 2.3444120966832625e-10
-0.7071067805046355 0.7071067811413508 2.3444120966832625e-10 1.4142135624092593

# Matrix 12
1.4142135650635268 0.7071067821214553 0.7071067818674474 -0.707106781573118
0.7071067821214553 1.4142135614293323 2.1175152274756e-9 -0.7071067822387695
0.7071067818674474 2.1175152274756e-9 1.4142135622570444 -0.7071067814975861
-0.707106781573118 -0.7071067822387695 -0.7071067814975861 1.4142135616040294

# Matrix 13
1.4142135641261715 -0.7071067807835413 0.707106780747633 0.7071067811288371
-0.7071067807835413 1.4142135634333812 -0.7071067817472755 1.5612211559924935e-9
0.707106780747633 -0.7071067817472755 1.4142135601370487 0.7071067783573431
0.7071067811288371 1.5612211559924935e-9 0.7071067783573431 1.4142135606278068

# Matrix 14
1.4142135648364544 0.7071067823819936 -0.7071067803977139 -0.707106778932362
0.7071067823819936 1.4142135617608023 1.862648151435514e-9 -0.7071067793499838
-0.7071067803977139 1.862648151435514e-9 1.4142135610816977 0.7071067771888835
-0.707106778932362 -0.7071067793499838 0.7071067771888835 1.4142135582484587

# Matrix 15
1.4142135635719975 -0.7071067814138933 -0.7071067816531675 -0.7071067816058125
-0.7071067814138933 1.41421356273378 4.6540294775336373e-10 0.7071067814628326
-0.7071067816531675 4.6540294775336373e-10 1.4142135613754332 0.7071067809017337
-0.7071067816058125 0.7071067814628326 0.7071067809017337 1.4142135620312037

# Matrix 16
1.4142135635127704 0.7071067809231111 -0.7071067813072452 0.7071067812253241
0.7071067809231111 1.414213563133577 -0.7071067811038186 0.7071067811901225
-0.7071067813072452 -0.7071067811038186 1.4142135609343927 -9.929599938515862e-10
0.7071067812253241 0.7071067811901225 -9.929599938515862e-10 1.4142135609990003

# Matrix 17
1.4142135620505765 -0.7071067801440437 0.7071067807692223 0.7071067807412108
-0.7071067801440437 1.4142135603209385 -4.914357242113441e-13 -0.7071067807240313
0.7071067807692223 -4.914357242113441e-13 1.4142135615399973 0.7071067807711762
0.7071067807412108 -0.7071067807240313 0.7071067807711762 1.4142135632426596

# Matrix 18
1.4142135622049339 -0.7071067810356697 -0.7071067810891306 0.7071067810948979
-0.7071067810356697 1.4142135623852363 -1.144272688380051e-10 -2.2927351447177178e-11
-0.7071067810891306 -1.144272688380051e-10 1.4142135624621355 1.3681075038972893e-10
0.7071067810948979 -2.2927351447177178e-11 1.3681075038972893e-10 1.4142135621566576

# Matrix 19
1.4142135597080652 0.7071067789291056 0.7071067794394843 0.7071067794172038
0.7071067789291056 1.4142135597150112 0.7071067807971537 1.8055154372729457e-9
0.7071067794394843 0.7071067807971537 1.4142135629270847 0.7071067803419399
0.7071067794172038 1.8055154372729457e-9 0.7071067803419399 1.4142135600759167

# Matrix 20
1.4142135600107295 -0.7071067789733244 0.7071067788532904 -0.7071067799491306
-0.7071067789733244 1.4142135620805838 3.4854433280477107e-9 0.70710677983517
0.7071067788532904 3.4854433280477107e-9 1.4142135605972732 -0.7071067779654906
-0.7071067799491306 0.70710677983517 -0.7071067779654906 1.4142135611703224

# Matrix 21
1.4142135598582537 -0.7071067790314127 0.7071067777723907 0.7071067797022775
-0.7071067790314127 1.4142135598565202 -0.7071067781023209 -0.7071067778660356
0.7071067777723907 -0.7071067781023209 1.414213559555884 -2.147523499069193e-9
0.7071067797022775 -0.7071067778660356 -2.147523499069193e-9 1.4142135610660806

# Matrix 22
1.4142135625501049 0.7071067809141476 -0.7071067809166607 -0.7071067804040445
0.7071067809141476 1.4142135631232742 -0.7071067802351784 -0.707106781587889
-0.7071067809166607 -0.7071067802351784 1.4142135608108364 6.446552409784974e-11
-0.7071067804040445 -0.707106781587889 6.446552409784974e-11 1.4142135613412816

# Matrix 23
1.4142135599888568 1.6071607598321271e-9 -0.7071067780812801 0.7071067793940702
1.6071607598321271e-9 1.4142135594457248 -0.7071067798962951 -0.7071067786608604
-0.7071067780812801 -0.7071067798962951 1.4142135597734273 7.04581303536051e-10
0.7071067793940702 -0.7071067786608604 7.04581303536051e-10 1.4142135615706868

# Matrix 24
1.414213560568515 -0.7071067792826814 -0.7071067800369042 0.7071067789279709
-0.7071067792826814 1.414213559627793 9.698329624032228e-10 -0.7071067793775098
-0.7071067800369042 9.698329624032228e-10 1.4142135630229626 -0.7071067799898587
0.7071067789279709 -0.7071067793775098 -0.7071067799898587 1.4142135592440406

# Matrix 25
1.4142135626455505 -0.7071067812286763 -0.7071067812941995 0.7071067812787428
-0.7071067812286763 1.414213562145844 0.7071067809781159 -0.7071067814139093
-0.7071067812941995 0.7071067809781159 1.4142135624707042 -2.60033096562255e-10
0.7071067812787428 -0.7071067814139093 -2.60033096562255e-10 1.4142135621890255

# Matrix 26
1.4142135622265173 -0.7071067808145958 0.7071067810573486 -0.7071067810673491
-0.7071067808145958 1.414213562127362 2.3124674144450952e-10 -1.8864882671615144e-10
0.7071067810573486 2.3124674144450952e-10 1.4142135621792444 -4.561753013778686e-11
-0.7071067810673491 -1.8864882671615144e-10 -4.561753013778686e-11 1.414213562239414

# Matrix 27
1.4142135642356695 0.7071067813629048 0.7071067820043155 0.7071067819124878
0.7071067813629048 1.4142135626751888 -3.6644297358334145e-11 5.4756838498330886e-11
0.7071067820043155 -3.6644297358334145e-11 1.4142135605997443 3.037855489562524e-9
0.7071067819124878 5.4756838498330886e-11 3.037855489562524e-9 1.4142135605033666

# Matrix 28
1.4142135616944238 3.6600118865616625e-9 -0.7071067791419381 -0.7071067786989824
3.6600118865616625e-9 1.4142135624535324 0.7071067787149355 0.7071067784959119
-0.7071067791419381 0.7071067787149355 1.4142135612534712 0.7071067783826183
-0.7071067786989824 0.7071067784959119 0.7071067783826183 1.4142135580565423

# Matrix 29
1.4142135625202783 0.7071067811931149 -0.7071067812070198 0.7071067812207937
0.7071067811931149 1.4142135619922243 -0.7071067814634017 3.2067058198720313e-10
-0.7071067812070198 -0.7071067814634017 1.414213561866638 -0.7071067807664064
0.7071067812207937 3.2067058198720313e-10 -0.7071067807664064 1.4142135626900956

# Matrix 30
1.414213561325964 -0.7071067805825327 0.7071067791803806 0.7071067798328063
-0.7071067805825327 1.4142135616153249 1.3253452636052913e-9 -7.68334218846088e-10
0.7071067791803806 1.3253452636052913e-9 1.4142135616247595 -1.8046448412409615e-9
0.7071067798328063 -7.68334218846088e-10 -1.8046448412409615e-9 1.4142135604072728

# Matrix 31
1.414213562039975 0.7071067809591969 -0.7071067809101761 -0.7071067809522662
0.7071067809591969 1.4142135622305834 3.7184795433461643e-10 3.681947517279662e-11
-0.7071067809101761 3.7184795433461643e-10 1.4142135623593282 -1.2794265857210683e-10
-0.7071067809522662 3.681947517279662e-11 -1.2794265857210683e-10 1.4142135622562173

# Matrix 32
1.4142135617429394 -0.7071067805721616 -0.7071067805222568 -0.7071067807903021
-0.7071067805721616 1.4142135622490912 0.7071067811769342 6.241407334255338e-11
-0.7071067805222568 0.7071067811769342 1.4142135623022927 0.7071067804332772
-0.7071067807903021 6.241407334255338e-11 0.7071067804332772 1.4142135613621276

# Matrix 33
1.4142135638424351 0.7071067815915352 -0.7071067818588599 0.7071067809398787
0.7071067815915352 1.4142135627619403 -1.4430445360116603e-9 -9.354041982810202e-10
-0.7071067818588599 -1.4430445360116603e-9 1.414213561050386 -2.950705565636631e-10
0.7071067809398787 -9.354041982810202e-10 -2.950705565636631e-10 1.41421356122683

# Matrix 34
1.4142135628531165 -1.9586174082395213e-9 0.707106780649651 0.7071067810426036
-1.9586174082395213e-9 1.4142135627787902 0.7071067800839543 0.7071067793466681
0.707106780649651 0.7071067800839543 1.4142135624072456 0.7071067811629579
0.7071067810426036 0.7071067793466681 0.7071067811629579 1.4142135597885326

# Matrix 35
1.4142135623678211 -1.6770986467650906e-13 -0.7071067811791298 0.7071067811816742
-1.6770986467650906e-13 1.4142135623679146 -0.7071067811833162 0.7071067811829002
-0.7071067811791298 -0.7071067811833162 1.4142135623680332 -0.7071067811813614
0.7071067811816742 0.7071067811829002 -0.7071067811813614 1.4142135623696095

# Matrix 36
1.414213562680044 1.2237768028816954e-10 -0.7071067812260216 0.7071067812754293
1.2237768028816954e-10 1.4142135621293632 0.7071067809935717 -0.7071067809970991
-0.7071067812260216 0.7071067809935717 1.4142135622492866 -0.7071067809629988
0.7071067812754293 -0.7071067809970991 -0.7071067809629988 1.4142135623019954

# Matrix 37
1.4142135611378097 -2.901427834305598e-9 -0.7071067793504763 -0.7071067792321682
-2.901427834305598e-9 1.4142135622045853 -0.7071067794862972 -0.7071067794563284
-0.7071067793504763 -0.7071067794862972 1.414213560739942 0.7071067789404669
-0.7071067792321682 -0.7071067794563284 0.7071067789404669 1.414213561090551

# Matrix 38
1.414213563281321 -0.7071067813847818 -0.7071067815479751 -0.7071067807688229
-0.7071067813847818 1.4142135624143866 -3.239034758574482e-10 -3.6347011204604594e-10
-0.7071067815479751 -3.239034758574482e-10 1.4142135626045922 4.107984207343228e-11
-0.7071067807688229 -3.6347011204604594e-10 4.107984207343228e-11 1.414213561214023

# Matrix 39
1.4142135627542938 3.6491940764155817e-10 0.707106781097631 -0.7071067812925128
3.6491940764155817e-10 1.4142135613371811 -0.7071067803532775 0.7071067796856078
0.707106781097631 -0.7071067803532775 1.4142135616179392 -0.707106780255459
-0.7071067812925128 0.7071067796856078 -0.707106780255459 1.4142135618307246

# Matrix 40
1.4142135632971677 -4.912505047837488e-10 0.7071067810483669 -0.7071067809210019
-4.912505047837488e-10 1.4142135591302603 0.7071067788683464 -0.7071067787163529
0.7071067810483669 0.7071067788683464 1.414213561404222 -0.7071067796316891
-0.7071067809210019 -0.7071067787163529 -0.7071067796316891 1.4142135609598585

# Matrix 41
1.414213562282733 9.781141549713977e-11 0.7071067811412947 -0.7071067811171979
9.781141549713977e-11 1.4142135623371754 0.7071067811878535 0.7071067810439307
0.7071067811412947 0.7071067811878535 1.4142135623543128 -6.675908073997708e-11
-0.7071067811171979 0.7071067810439307 -6.675908073997708e-11 1.4142135622622456

# Matrix 42
1.4142135599325751 2.541019695884622e-9 -0.7071067787232871 -0.7071067795246737
2.541019695884622e-9 1.41421356067222 0.707106778879459 -0.7071067798116002
-0.7071067787232871 0.707106778879459 1.4142135610439817 -6.311046130145561e-10
-0.7071067795246737 -0.7071067798116002 -6.311046130145561e-10 1.4142135600364334

