# Matrix 1
1.2599210498958953 -0.6299605249464207 0.6299605249464196
-0.6299605249464207 1.2599210498928342 -6.1062266354383775e-15
0.6299605249464196 -6.1062266354383775e-15 1.259921049892835

Energy at Q: 0.23153626618415046

# Matrix 2
1.1905507889774194 -0.39685026298185017 0.39685026301545134
-0.39685026298185017 1.1905507889794666 0.39685026297899717
0.39685026301545134 0.39685026297899717 1.1905507889717122

Energy at Q: 0.2315362661841469

# Matrix 3
1.2599210498943492 -0.6299605249469948 -0.629960524947078
-0.6299605249469948 1.2599210498950437 0.6299605249478183
-0.629960524947078 0.6299605249478183 1.2599210498949474

Energy at Q: 0.23153626618415082

# Matrix 4
1.2599210498948614 0.6299605249474172 0.6299605249474162
0.6299605249474172 1.2599210498948648 -2.919886554764131e-14
0.6299605249474162 -2.919886554764131e-14 1.2599210498948639

Energy at Q: 0.23153626618413783

# Matrix 5
1.259921049898367 -0.6299605249423064 -0.6299605249463863
-0.6299605249423064 1.259921049885792 1.694699935939039e-12
-0.6299605249463863 1.694699935939039e-12 1.2599210498899254

Energy at Q: 0.2315362661841306

# Matrix 6
1.2599210498924531 0.6299605249456222 0.629960524944058
0.6299605249456222 1.2599210498923075 0.6299605249413485
0.629960524944058 0.6299605249413485 1.2599210498923383

Energy at Q: 0.23153626618411194

# Matrix 7
1.1905507889761766 -0.39685026299160125 -0.396850262992369
-0.39685026299160125 1.1905507889761437 -0.39685026299217396
-0.396850262992369 -0.39685026299217396 1.190550788976123

Energy at Q: 0.23153626618414344

# Matrix 8
1.2599210498860338 0.6299605249424548 -0.6299605249418
0.6299605249424548 1.2599210498995734 -0.6299605249581633
-0.6299605249418 -0.6299605249581633 1.2599210498990845

Energy at Q: 0.2315362661841341

# Matrix 9
1.2599210499084479 0.629960524934169 -0.6299605249372341
0.629960524934169 1.2599210498670692 1.2230216839270735e-12
-0.6299605249372341 1.2230216839270735e-12 1.2599210498740994

Energy at Q: 0.23153626618414838

# Matrix 10
1.1905507889760791 0.39685026299016757 -0.39685026299700504
0.39685026299016757 1.1905507889762104 0.39685026298903814
-0.39685026299700504 0.39685026298903814 1.1905507889762206

Energy at Q: 0.23153626618415438

# Matrix 11
1.587401051968196 -0.7937005259840979 0.7937005259840967
-0.7937005259840979 1.1905507889761513 -0.3968502629920472
0.7937005259840967 -0.3968502629920472 1.1905507889761464

Energy at Q: 0.23153626618415427

# Matrix 12
1.2599210498948687 -0.629960524947433 0.6299605249474316
-0.629960524947433 1.2599210498948734 -0.6299605249474388
0.6299605249474316 -0.6299605249474388 1.259921049894873

Energy at Q: 0.23153626618414017

# Matrix 13
1.5874010519338266 0.7937005259575247 -0.7937005259626365
0.7937005259575247 1.190550788964648 -0.3968502629612362
-0.7937005259626365 -0.3968502629612362 1.1905507889739857

Energy at Q: 0.2315362661841176

# Matrix 14
1.2599210498942703 -1.3637702078739264e-13 0.6299605249470076
-1.3637702078739264e-13 1.25992104989427 0.6299605249469752
0.6299605249470076 0.6299605249469752 1.2599210498949553

Energy at Q: 0.23153626618414727

# Matrix 15
1.2599210498944673 1.570271690454202e-14 -0.6299605249471439
1.570271690454202e-14 1.2599210498944653 0.6299605249471524
-0.6299605249471439 0.6299605249471524 1.2599210498949145

Energy at Q: 0.23153626618414513

# Matrix 16
1.5874010519658284 -0.7937005259826131 -0.7937005259826392
-0.7937005259826131 1.1905507889760094 0.39685026298145143
-0.7937005259826392 0.39685026298145143 1.1905507889757132

Energy at Q: 0.23153626618414774

# Matrix 17
1.259921049894873 3.615163723935654e-15 0.6299605249474357
3.615163723935654e-15 1.2599210498948685 -0.6299605249474302
0.6299605249474357 -0.6299605249474302 1.2599210498948712

Energy at Q: 0.2315362661841444

