# Matrix 1
1.2599210498948719 -0.6299605249474339 -0.6299605249474352
-0.6299605249474339 1.2599210498948707 0.6299605249474347
-0.6299605249474352 0.6299605249474347 1.259921049894873

# Matrix 2
1.2599210498948723 0.6299605249474334 -0.6299605249474348
0.6299605249474334 1.2599210498948676 2.7200464103316004e-15
-0.6299605249474348 2.7200464103316004e-15 1.259921049894875

# Matrix 3
1.1905507889761495 0.3968502629920473 0.39685026299205217
0.3968502629920473 1.1905507889761495 -0.3968502629920503
0.39685026299205217 -0.3968502629920503 1.1905507889761497

# Matrix 4
1.190550788976149 0.39685026299204895 -0.3968502629920503
0.39685026299204895 1.1905507889761502 0.3968502629920496
-0.3968502629920503 0.3968502629920496 1.1905507889761489

# Matrix 5
1.2599210498948732 0.6299605249474344 0.6299605249474365
0.6299605249474344 1.2599210498948674 -1.1102230246251443e-15
0.6299605249474365 -1.1102230246251443e-15 1.2599210498948763

# Matrix 6
1.2599210498948747 0.6299605249474359 -0.6299605249474347
0.6299605249474359 1.2599210498948687 -0.6299605249474342
-0.6299605249474347 -0.6299605249474342 1.2599210498948723

# Matrix 7
1.1905507889761522 -0.3968502629920485 -0.396850262992049
-0.3968502629920485 1.1905507889761475 -0.3968502629920505
-0.396850262992049 -0.3968502629920505 1.1905507889761473

# Matrix 8
1.2599210498948774 0.6299605249474348 0.6299605249474384
0.6299605249474348 1.2599210498948685 0.6299605249474348
0.6299605249474384 0.6299605249474348 1.2599210498948723

# Matrix 9
1.2599210498948732 -0.6299605249474345 0.6299605249474365
-0.6299605249474345 1.259921049894869 6.661338147750762e-16
0.6299605249474365 6.661338147750762e-16 1.259921049894875

# Matrix 10
1.2599210498948703 -0.6299605249474297 -0.6299605249474294
-0.6299605249474297 1.259921049894861 1.9428902930939766e-15
-0.6299605249474294 1.9428902930939766e-15 1.259921049894869

# Matrix 11
1.1905507889761537 -0.39685026299204595 0.3968502629920679
-0.39685026299204595 1.1905507889761597 0.3968502629920415
0.3968502629920679 0.3968502629920415 1.1905507889761415

# Matrix 12
1.259921049894874 -0.6299605249474302 0.6299605249474358
-0.6299605249474302 1.259921049894865 -0.6299605249474273
0.6299605249474358 -0.6299605249474273 1.2599210498948696

# Matrix 13
1.259921100532599 0.6299605483747664 0.6299605017576588
0.6299605483747664 1.2599210514395756 0.629960502951868
0.6299605017576588 0.629960502951868 1.2599209832071039

# Matrix 14
1.5874010519680795 -0.7937005259840213 -0.7937005259839732
-0.7937005259840213 1.1905507889761295 0.39685026299199894
-0.7937005259839732 0.39685026299199894 1.1905507889760847

