# Matrix 1
1.4041270336376586 0.6461308080796897 0.8763841211372395
0.6461308080796897 1.1812763126969588 0.7049299054013214
0.8763841211372395 0.7049299054013214 1.4556185294707453

# Matrix 2
1.3986049041593691 0.6083228700005919 0.8665343396440763
0.6083228700005919 1.1474722798596735 0.6776571239811331
0.8665343396440763 0.6776571239811331 1.449179236048887

# Matrix 3
1.364173734525943 0.6151359513544677 0.9155244439199858
0.6151359513544677 1.283073977136293 0.7584194836972589
0.9155244439199858 0.7584194836972589 1.4620754465630639

# Matrix 4
1.517930886739709 0.6968216556220526 1.023580533720555
0.6968216556220526 1.2296836852894382 0.8276507151698059
1.023580533720555 0.8276507151698059 1.5550185905037173

# Matrix 5
1.5058702436125497 0.7630246780611946 1.0452490431538595
0.7630246780611946 1.2785609200871768 0.9006951141181994
1.0452490431538595 0.9006951141181994 1.6244213506105563

# Matrix 6
1.4758038105536992 0.661430769791673 0.9753262630632349
0.661430769791673 1.2324793858655245 0.9264145465386493
0.9753262630632349 0.9264145465386493 1.624234828805486

# Matrix 7
1.4449222716540493 0.6627005889350674 0.9337456802576989
0.6627005889350674 1.3060842986146148 0.9928324624208685
0.9337456802576989 0.9928324624208685 1.6120766360255372

# Matrix 8
1.2141052015324993 0.5423922202553542 0.7415710557427038
0.5423922202553542 1.4241629265412676 1.047092183024592
0.7415710557427038 1.047092183024592 1.5833961897358442

# Matrix 9
1.2652692625432442 0.5442908692272956 0.8467342860247904
0.5442908692272956 1.3747622862607554 1.084330528728904
0.8467342860247904 1.084330528728904 1.7141496537613112

# Matrix 10
1.1197044681268529 -0.516227938344173 0.14547330778418274
-0.516227938344173 1.3502918092674756 -0.44159429781206266
0.14547330778418274 -0.44159429781206266 0.9479398918553423

# Matrix 11
1.233371754156801 -0.43213783692627017 -0.0073345873371306065
-0.43213783692627017 1.2460158218676645 -0.3957010732469818
-0.0073345873371306065 -0.3957010732469818 0.8856629135381593

# Matrix 12
1.2245498484296526 -0.4675842317650523 0.05245449075748865
-0.4675842317650523 1.3235895657658496 -0.39058087264504043
0.05245449075748865 -0.39058087264504043 0.8353442402471175

# Matrix 13
1.1333115107464016 -0.36457626272446214 0.09136451605972393
-0.36457626272446214 1.2833931118214685 -0.4027353680853947
0.09136451605972393 -0.4027353680853947 0.8835727277597795

# Matrix 14
1.0737722196078852 -0.27355547084288834 0.05757778178368467
-0.27355547084288834 1.2258028884226708 -0.44258926643301816
0.05757778178368467 -0.44258926643301816 0.9670188970688622

# Matrix 15
1.0564275807524266 -0.26140100477516565 0.12812230817856787
-0.26140100477516565 1.1829148862206302 -0.6067464736802478
0.12812230817856787 -0.6067464736802478 1.1577519537250303

# Matrix 16
1.1497598478189883 -0.19967314297399644 0.16085846911299073
-0.19967314297399644 1.2225691585154692 -0.7967910949882084
0.16085846911299073 -0.7967910949882084 1.2523177802468182

# Matrix 17
0.9971874065090267 -0.12892845453311044 0.1802588009890704
-0.12892845453311044 1.2695865573760727 -0.9228622200978722
0.1802588009890704 -0.9228622200978722 1.4788272650934162

# Matrix 18
0.9083410716396828 -0.12685796990615603 0.0937097293873591
-0.12685796990615603 1.3110057349279365 -0.9136965035057445
0.0937097293873591 -0.9136965035057445 1.4880726796529384

# Matrix 19
0.8672850163920272 -0.07382921188333078 0.07085368176669685
-0.07382921188333078 1.364935055814142 -1.0130557146315269
0.07085368176669685 -1.0130557146315269 1.600842984650495

# Matrix 20
0.8302257122666898 0.007765167977456231 -0.01863406348881154
0.007765167977456231 1.3085929753653045 0.31184524969198785
-0.01863406348881154 0.31184524969198785 0.9953190145727355

# Matrix 21
0.9378123669034744 -0.06124299986254608 -0.032173455555617986
-0.06124299986254608 1.3011016615137085 0.23947869720057213
-0.032173455555617986 0.23947869720057213 0.8666172897685072

# Matrix 22
0.9632818140994479 -0.06275045305037849 0.06277641042746299
-0.06275045305037849 1.2309544940905146 0.18160142134812976
0.06277641042746299 0.18160142134812976 0.8783497363189712

# Matrix 23
0.8880590705536122 0.018291425467786716 0.03317245359324704
0.018291425467786716 1.2402498667725852 0.14961391264807558
0.03317245359324704 0.14961391264807558 0.9273270761839413

# Matrix 24
0.861146541238282 0.04887796494971812 0.07722242264982902
0.04887796494971812 1.216208513744539 0.12793050369026893
0.07722242264982902 0.12793050369026893 0.9764924279710803

# Matrix 25
0.9375893170844828 0.06377972523830049 -0.02351191245997689
0.06377972523830049 1.2658697348803574 0.17538679697157125
-0.02351191245997689 0.17538679697157125 0.870872682400417

# Matrix 26
0.8421603731578918 0.14018185679640383 -0.08521647929672885
0.14018185679640383 1.2895662691140497 0.1377511563624697
-0.08521647929672885 0.1377511563624697 0.9646139812890647

# Matrix 27
0.9090040766071695 0.15228585071965842 -0.16869256027726628
0.15228585071965842 1.144738316650901 0.14650294621123974
-0.16869256027726628 0.14650294621123974 1.041510943375494

# Matrix 28
0.798212389598964 0.15252781975208038 -0.20296889071142687
0.15252781975208038 1.1980621691776911 0.1912361176277258
-0.20296889071142687 0.1912361176277258 1.1686361534037895

# Matrix 29
0.9080326891202656 0.2565251215700246 -0.22355183412599322
0.2565251215700246 1.124407368003249 0.15713527474209177
-0.22355183412599322 0.15713527474209177 1.148077091295832

# Matrix 30
0.8734930028509817 0.324788031163537 -0.2662650158170366
0.324788031163537 1.150531181992316 0.22550534843380438
-0.2662650158170366 0.22550534843380438 1.295164183030915

# Matrix 31
0.8798734454134892 0.13727832426562528 -0.2695527718460138
0.13727832426562528 1.1341551011418727 0.278221740268856
-0.2695527718460138 0.278221740268856 1.1961435216639484

# Matrix 32
0.8496092913510666 0.16812181907415744 -0.3337065352797947
0.16812181907415744 1.111804822648849 0.20503680586388015
-0.3337065352797947 0.20503680586388015 1.2905052259338252

# Matrix 33
0.8567255788302828 0.21524777224942737 -0.24908580276140124
0.21524777224942737 1.1723713001314016 0.07275465695485227
-0.24908580276140124 0.07275465695485227 1.1325643515651664

# Matrix 34
0.7606809269840671 0.19021258216676126 -0.2060721279670916
0.19021258216676126 1.337336736882747 0.09910219856638715
-0.2060721279670916 0.09910219856638715 1.0926762520241031

# Matrix 35
0.6680035854517963 0.05927280117687839 -0.16435071244857744
0.05927280117687839 1.4603590670174442 0.2637727032837715
-0.16435071244857744 0.2637727032837715 1.1224782432604061

# Matrix 36
0.6688663074073277 0.05362666784453556 -0.20370615910846596
0.05362666784453556 1.5192791600465823 0.29067218272485196
-0.20370615910846596 0.29067218272485196 1.1111090278840592

# Matrix 37
0.6615274635334477 0.1002549080627511 -0.12250934108458092
0.1002549080627511 1.6128874619240536 0.31462590335800816
-0.12250934108458092 0.31462590335800816 1.0383204618729471

# Matrix 38
0.6214344874850213 0.12841275146160022 -0.11641079505990778
0.12841275146160022 1.630494771274023 0.38299372371339224
-0.11641079505990778 0.38299372371339224 1.128361261121558

# Matrix 39
0.640242791637612 0.2003788273886537 -0.22219646437467816
0.2003788273886537 1.7239618680434325 0.45757089400056916
-0.22219646437467816 0.45757089400056916 1.184566452665222

# Matrix 40
0.6002586668740687 -0.24894192487041433 0.12676881978397533
-0.24894192487041433 1.1778645600380504 0.4219403975628533
0.12676881978397533 0.4219403975628533 1.7865651132750453

# Matrix 41
0.6069940045546796 -0.3224779751003053 0.16316352888481997
-0.3224779751003053 1.2435771171674592 0.47702184583476476
0.16316352888481997 0.47702184583476476 1.8766589842148327

# Matrix 42
0.5876330352764373 -0.3262607790103255 0.08775543182490422
-0.3262607790103255 1.383133190008975 0.5764124944266918
0.08775543182490422 0.5764124944266918 1.7539995074580614

# Matrix 43
0.5817025353421625 -0.3311240716752668 0.05608509585139027
-0.3311240716752668 1.3285462435613564 0.8220412379155299
0.05608509585139027 0.8220412379155299 2.152971336828822

# Matrix 44
0.5757497042845623 -0.33422630337438863 0.0541507353573199
-0.33422630337438863 1.2365317727718221 0.7093435962088659
0.0541507353573199 0.7093435962088659 2.197509071548075

# Matrix 45
0.5936088055457562 -0.3780411491553209 0.03573011659304221
-0.3780411491553209 1.357676073315284 0.8507175600170992
0.03573011659304221 0.8507175600170992 2.193503463001627

# Matrix 46
0.5644916635794476 -0.42093016345318984 -0.10557600788482596
-0.42093016345318984 1.542482932372667 1.0554437723786763
-0.10557600788482596 1.0554437723786763 2.238103906193558

# Matrix 47
0.5515320867965192 -0.39761792425470965 -0.19720260431308204
-0.39761792425470965 1.4658163306410166 1.1621291760045123
-0.19720260431308204 1.1621291760045123 2.4904089301915366

# Matrix 48
0.5866202592568424 -0.5154833974409608 -0.26274301559369184
-0.5154833974409608 1.6630722653205707 1.2139158833733024
-0.26274301559369184 1.2139158833733024 2.3249684159153916

# Matrix 49
0.6262180448754046 -0.5209684734668782 -0.18603406549339652
-0.5209684734668782 1.6461127316253568 1.170141101900055
-0.18603406549339652 1.170141101900055 2.22221845143054

# Matrix 50
0.6017021833529572 0.07248631725557143 -0.2801187144511422
0.07248631725557143 1.2288327699364694 -0.1732690872437228
-0.2801187144511422 -0.1732690872437228 1.5085060238035002

# Matrix 51
0.6590593566040169 -0.015195830648824552 -0.2293944991469084
-0.015195830648824552 1.2280681760455374 -0.19165747527966862
-0.2293944991469084 -0.19165747527966862 1.3473191327234526

# Matrix 52
0.5549432724622163 -0.058379205791403266 -0.1148909931859227
-0.058379205791403266 1.3079231121438881 -0.11414183897941649
-0.1148909931859227 -0.11414183897941649 1.4202718126262035

# Matrix 53
0.5983945011549915 -0.01652534644735251 -0.0620565832378727
-0.01652534644735251 1.44096488493266 -0.2054652689395253
-0.0620565832378727 -0.2054652689395253 1.1963358753532987

# Matrix 54
0.6225920504731693 -0.10512803055758224 -0.022760156229611948
-0.10512803055758224 1.452893857049482 -0.08396601630274761
-0.022760156229611948 -0.08396601630274761 1.1253884810963393

# Matrix 55
0.5844733092366452 -0.14085536003892668 0.04828558211947217
-0.14085536003892668 1.4773242680318497 0.01486200478327718
0.04828558211947217 0.01486200478327718 1.1898484563474634

# Matrix 56
0.49804348887394295 -0.024219015435302794 -0.005801569814114322
-0.024219015435302794 1.5642946462977436 0.0022683600003113656
-0.005801569814114322 0.0022683600003113656 1.2845912862795927

# Matrix 57
0.4449683725783536 0.023077063717584622 -0.019576592516373136
0.023077063717584622 1.5305281814335439 -0.11917313739260543
-0.019576592516373136 -0.11917313739260543 1.4794891866127107

# Matrix 58
0.4386339837868579 0.07925323718828196 -0.006337829312830604
0.07925323718828196 1.4403150151832091 -0.04091859071737134
-0.006337829312830604 -0.04091859071737134 1.5999474125130673

# Matrix 59
0.399361074022785 0.1384464282625363 -0.1359300728944163
0.1384464282625363 1.5917421180582536 -0.18150283429839068
-0.1359300728944163 -0.18150283429839068 1.6799911805879162

# Matrix 60
0.3864419095963212 0.12660360612331123 -0.1331063687793574
0.12660360612331123 1.5824914928228837 -0.08715534436203437
-0.1331063687793574 -0.08715534436203437 1.7263036012778703

# Matrix 61
0.38998979780350446 0.140254276461019 -0.12270557097053657
0.140254276461019 1.6830590334000581 0.0843027893219317
-0.12270557097053657 0.0843027893219317 1.6192981796281414

# Matrix 62
0.4033393929681828 0.2276484320492479 -0.07503783493050792
0.2276484320492479 1.8974886727125384 0.049250526800404065
-0.07503783493050792 0.049250526800404065 1.4202292597270725

# Matrix 63
0.3441721794711352 0.253103789782798 -0.0757666892820152
0.253103789782798 2.1832957139613107 0.11615907704483878
-0.0757666892820152 0.11615907704483878 1.486295921001459

# Matrix 64
0.3547484737139556 0.25613347100929734 -0.056825981614324145
0.25613347100929734 2.2620078553982665 0.2633178231452838
-0.056825981614324145 0.2633178231452838 1.4108454095871337

# Matrix 65
0.4175375679499212 0.3579282070639298 -0.07252458965967354
0.3579282070639298 2.173253240927705 0.20774610146232114
-0.07252458965967354 0.20774610146232114 1.33483093302615

# Matrix 66
0.3778174351205785 0.32562161663860645 -0.13200980673393437
0.32562161663860645 2.199117134542008 0.25852930055322487
-0.13200980673393437 0.25852930055322487 1.4979972000468094

# Matrix 67
0.38963661624472257 0.26691697684053384 -0.12582919446354116
0.26691697684053384 1.918287884493952 0.19305310402008383
-0.12582919446354116 0.19305310402008383 1.564442989750006

# Matrix 68
0.4265422233066358 0.2514090440101209 -0.1489581550859871
0.2514090440101209 1.8606863709354047 0.14001246365574796
-0.1489581550859871 0.14001246365574796 1.4513346984981728

# Matrix 69
0.4385250152237734 0.2724195864832092 -0.20566876086159544
0.2724195864832092 1.8730117392270773 -0.03017075493925641
-0.20566876086159544 -0.03017075493925641 1.4404684085310606

# Matrix 70
0.43826124495315555 -0.10311559454585546 -0.16327115738695608
-0.10311559454585546 1.2895598801062267 -0.02527657306195059
-0.16327115738695608 -0.02527657306195059 1.867356321905183

# Matrix 71
0.4047427592820823 -0.02823491764102013 -0.10983618186467188
-0.02823491764102013 1.2596222794054641 -0.13098280234386184
-0.10983618186467188 -0.13098280234386184 2.009627945349532

# Matrix 72
0.41572262786039926 -0.0233618539918015 -0.13838359876882853
-0.0233618539918015 1.253903298061226 -0.0934450696243337
-0.13838359876882853 -0.0934450696243337 1.974624395872179

# Matrix 73
0.44629750856518163 -0.064934218676557 -0.04851301638431921
-0.064934218676557 1.1837515416474347 -0.08879155667802123
-0.04851301638431921 -0.08879155667802123 1.9211701496850064

# Matrix 74
0.46414953717914265 -0.035029879117721555 -0.13355768566167867
-0.035029879117721555 1.1785316064743094 -0.13574733923590443
-0.13355768566167867 -0.13574733923590443 1.8887293904157183

# Matrix 75
0.40649647803403904 -0.09174590605234052 -0.08799625149136912
-0.09174590605234052 1.3203468249988404 -0.34331903445243034
-0.08799625149136912 -0.34331903445243034 2.013405649708949

# Matrix 76
0.4268490942757032 -0.11431202948163813 -0.13637249323460734
-0.11431202948163813 1.166007761092452 -0.33909319980720604
-0.13637249323460734 -0.33909319980720604 2.2312091783207824

# Matrix 77
0.391806314981607 -0.11251650928148343 -0.028946694806235206
-0.11251650928148343 1.1570116452714287 -0.509786784604306
-0.028946694806235206 -0.509786784604306 2.510104227730545

# Matrix 78
0.4411415212783025 -0.13498431985651463 -0.06370919685681713
-0.13498431985651463 1.1954996530801398 -0.4678440897780316
-0.06370919685681713 -0.4678440897780316 2.178975267732526

# Matrix 79
0.45631738572837754 -0.12565337615730815 -0.08861538980992767
-0.12565337615730815 1.1605156144263253 -0.4327310191538252
-0.08861538980992767 -0.4327310191538252 2.1491875816327197

# Matrix 80
0.44319379374438256 -0.11385853918293662 -0.1795249785720947
-0.11385853918293662 1.264247957406424 -0.2909803706356208
-0.1795249785720947 -0.2909803706356208 1.991742164745591

# Matrix 81
0.4037443036573934 -0.08552710233152505 -0.17341980413988556
-0.08552710233152505 1.3761612302333375 -0.2732248948948523
-0.17341980413988556 -0.2732248948948523 1.9690458542213958

# Matrix 82
0.40079603500220273 -0.14242036065996744 -0.2104696444932545
-0.14242036065996744 1.477628792934067 -0.18038772062712052
-0.2104696444932545 -0.18038772062712052 1.9045762013792698

# Matrix 83
0.39003842827841956 -0.045750484878451673 -0.2097082776888981
-0.045750484878451673 1.5705838246171255 -0.23423887887453582
-0.2097082776888981 -0.23423887887453582 1.7935704987720513

# Matrix 84
0.44705251870165125 0.0038254448001972504 -0.25506884482638986
0.0038254448001972504 1.576003130058891 -0.3246740762528402
-0.25506884482638986 -0.3246740762528402 1.63088554478008

# Matrix 85
0.43224458287357975 -0.06693949558038649 -0.1763666515210948
-0.06693949558038649 1.6132249756684327 -0.39061420744297587
-0.1763666515210948 -0.39061420744297587 1.6242938715009403

# Matrix 86
0.39104171775908736 -0.0023768434751637825 -0.13078054800675595
-0.0023768434751637825 1.674055858853036 -0.6282394931007603
-0.13078054800675595 -0.6282394931007603 1.8077068589806304

# Matrix 87
0.4099554685644359 -0.03747528576754504 -0.184730141414978
-0.03747528576754504 1.5722737966425384 -0.4489365943661109
-0.184730141414978 -0.4489365943661109 1.7763821272863383

# Matrix 88
0.39550825507249077 -0.10972266554664108 -0.10396904146748766
-0.10972266554664108 1.6858670220142928 -0.42645169632199936
-0.10396904146748766 -0.42645169632199936 1.679886227293897

# Matrix 89
0.40640498162259175 -0.05496218458495913 -0.18436748621824875
-0.05496218458495913 1.363306327635271 -0.22526815103544323
-0.18436748621824875 -0.22526815103544323 1.944580663216182

# Matrix 90
0.4331044862124358 -0.0995878097439357 -0.10396083395158302
-0.0995878097439357 1.3594923874763403 -0.2395383068479972
-0.10396083395158302 -0.2395383068479972 1.804339347022038

# Matrix 91
0.40728375213804957 -0.014866186024169965 -0.11288290657470616
-0.014866186024169965 1.3903966632201472 -0.30533907607736666
-0.11288290657470616 -0.30533907607736666 1.8667713492092455

# Matrix 92
0.3799671044922667 -0.02723446277232339 -0.1680639182957202
-0.02723446277232339 1.419970257003112 -0.3782728986009376
-0.1680639182957202 -0.3782728986009376 2.0377498858406278

# Matrix 93
0.4401533525870728 -0.03908375362759965 -0.2705932644559658
-0.03908375362759965 1.1970083558729727 -0.22310723954409817
-0.2705932644559658 -0.22310723954409817 2.121054859351923

# Matrix 94
0.4727872433551729 -0.10245394463428273 -0.24164181461740167
-0.10245394463428273 1.0335736744995276 0.026212878996571633
-0.24164181461740167 0.026212878996571633 2.215513732854439

# Matrix 95
0.43209661575241276 -0.10126371981849888 -0.248914561687485
-0.10126371981849888 1.1034605453847592 0.11047211448885795
-0.248914561687485 0.11047211448885795 2.2893136566823613

# Matrix 96
0.4674892302814358 -0.14629753571184764 -0.306706708849301
-0.14629753571184764 1.0985275946128006 0.03214948282938592
-0.306706708849301 0.03214948282938592 2.2370060191495074

# Matrix 97
0.4557252741885839 -0.1823459114205023 -0.4161198918340419
-0.1823459114205023 1.0384985544069862 0.10941778848456035
-0.4161198918340419 0.10941778848456035 2.655954949159561

# Matrix 98
0.4337001204543653 -0.18451042633202017 -0.3681533478669625
-0.18451042633202017 1.0331025889778462 0.06679616656904223
-0.3681533478669625 0.06679616656904223 2.7363510904669783

# Matrix 99
0.4091036331297846 -0.20104630183205113 -0.3533893699434119
-0.20104630183205113 1.2114658233193796 0.022319482287846183
-0.3533893699434119 0.022319482287846183 2.522707663606237

# Matrix 100
0.4704498920724044 0.23026525174010473 0.16497840215382828
0.23026525174010473 1.1457982304420682 -0.14680653631819152
0.16497840215382828 -0.14680653631819152 2.165512756394459

# Matrix 101
0.48248989320838553 0.20356025163059382 0.21012005175183157
0.20356025163059382 1.1023213742514186 -0.20295283317862084
0.21012005175183157 -0.20295283317862084 2.2142211552950926

# Matrix 102
0.4686817473517117 0.20213590830662323 0.1356937774247309
0.20213590830662323 1.0432721505404654 -0.1617768550266242
0.1356937774247309 -0.1617768550266242 2.3216733771357116

# Matrix 103
0.4771456470684432 0.12352775782933188 0.16004307442810858
0.12352775782933188 1.041961762210622 -0.19526866930993822
0.16004307442810858 -0.19526866930993822 2.1842385029479967

# Matrix 104
0.47760775970200997 0.20529687385589138 0.07928025987657349
0.20529687385589138 1.167832795794199 -0.24624660038341617
0.07928025987657349 -0.24624660038341617 2.025364751022564

# Matrix 105
0.4458545769269893 0.23549658687294125 -0.008736270015311442
0.23549658687294125 1.3025095215408504 -0.36762500291939887
-0.008736270015311442 -0.36762500291939887 2.015802836938981

# Matrix 106
0.4799032951985278 0.19129526300339803 -0.10412029685114985
0.19129526300339803 1.2148608115703328 -0.44240918510934446
-0.10412029685114985 -0.44240918510934446 1.9938374094177125

# Matrix 107
0.5076550121893019 0.11455942112955704 -0.090528247375035
0.11455942112955704 1.1113225860463467 -0.4760810475948334
-0.090528247375035 -0.4760810475948334 2.0221494297326874

# Matrix 108
0.5491499317291817 0.10829102108271658 -0.1886240300665276
0.10829102108271658 1.0358762205123677 -0.6018525453370912
-0.1886240300665276 -0.6018525453370912 2.1739935733829565

# Matrix 109
0.500240205948794 0.10951966121299617 -0.17752728720032832
0.10951966121299617 1.0429558671580421 -0.6383851609269457
-0.17752728720032832 -0.6383851609269457 2.3775376311910703

# Matrix 110
0.5029087051301483 0.17480155643272968 -0.03911235320689415
0.17480155643272968 1.018645706447733 0.4193769702495484
-0.03911235320689415 0.4193769702495484 2.274598628671419

# Matrix 111
0.5083158793540111 0.14028103180439655 -0.08452128788097875
0.14028103180439655 0.9839728526138539 0.1687377648646257
-0.08452128788097875 0.1687377648646257 2.1342861442053764

# Matrix 112
0.48059114804924674 0.15611203563622375 -0.005825124145485521
0.15611203563622375 1.0004273088219877 0.22286468144108207
-0.005825124145485521 0.22286468144108207 2.24419869003374

# Matrix 113
0.5320459189732751 0.16564436290000464 -0.08295355506894851
0.16564436290000464 1.0239907501803422 0.1955250043193159
-0.08295355506894851 0.1955250043193159 1.9961647633457758

# Matrix 114
0.5761058985995539 0.19815391802252877 -0.07128740138207636
0.19815391802252877 1.0001253494838134 0.1502139751144788
-0.07128740138207636 0.1502139751144788 1.9040803021638528

# Matrix 115
0.5945539918184005 0.14038778949553885 -0.03022145467915626
0.14038778949553885 0.9470427897153895 0.24998341497669319
-0.03022145467915626 0.24998341497669319 1.9142780991160386

# Matrix 116
0.5084673938879931 0.11027659377855337 -0.04059016396580679
0.11027659377855337 1.0930891359033714 0.3333300016545198
-0.04059016396580679 0.3333300016545198 1.952177353349348

# Matrix 117
0.4988493201085605 0.07892271954656334 0.055003084931943454
0.07892271954656334 1.084591729639416 0.44393229188429106
0.055003084931943454 0.44393229188429106 2.0525413410312257

# Matrix 118
0.5330173427745667 0.1345601536888344 0.14712226383065097
0.1345601536888344 1.0291426516948647 0.5689956927340833
0.14712226383065097 0.5689956927340833 2.2100613803022635

# Matrix 119
0.5185555984161059 0.16098534142387697 0.07979852626373841
0.16098534142387697 1.0173820404851701 0.35458368429401504
0.07979852626373841 0.35458368429401504 2.118130061163051

# Matrix 120
0.5680287069234734 0.13667156853768683 -0.05843827883877265
0.13667156853768683 0.9144438483414321 0.09725423342150903
-0.05843827883877265 0.09725423342150903 2.0170674009022194

# Matrix 121
0.592317382066533 0.18364300052978572 -0.053081569398059525
0.18364300052978572 0.7649069433927498 -0.05838715983414071
-0.053081569398059525 -0.05838715983414071 2.391923415367229

# Matrix 122
0.6195184452187651 0.21413339693296574 -0.1820243944283012
0.21413339693296574 0.7229121268928325 -0.16620586620813005
-0.1820243944283012 -0.16620586620813005 2.557458810533477

# Matrix 123
0.6326923102107166 0.2905827647431236 -0.1365146897901893
0.2905827647431236 0.8196180082177356 -0.14006754872996774
-0.1365146897901893 -0.14006754872996774 2.341649244798158

# Matrix 124
0.6521701250205042 0.2447203173031684 -0.11409516295612174
0.2447203173031684 0.6670970429649808 -0.16687540877655369
-0.11409516295612174 -0.16687540877655369 2.712154826069449

# Matrix 125
0.6368934649429756 0.3521471172303073 -0.10164537486022059
0.3521471172303073 0.793363661481888 -0.18276332806974374
-0.10164537486022059 -0.18276332806974374 2.665719440457097

# Matrix 126
0.6691740130764782 0.37456941889548945 -0.3079426962952647
0.37456941889548945 0.8318609579073327 -0.23417952533888597
-0.3079426962952647 -0.23417952533888597 2.5496323828202065

# Matrix 127
0.803671417200167 0.49142364823451823 -0.3379543687444645
0.49142364823451823 0.8026671631692598 -0.14205176924889934
-0.3379543687444645 -0.14205176924889934 2.628226257033445

# Matrix 128
0.7843031389151294 0.4961833274261337 -0.3950615877630883
0.4961833274261337 0.8064317046441758 -0.09536169712986237
-0.3950615877630883 -0.09536169712986237 2.8362413949719745

# Matrix 129
0.8882957131137702 0.5143222475977789 -0.6508858363159998
0.5143222475977789 0.7764095590823173 -0.21348403961356535
-0.6508858363159998 -0.21348403961356535 2.884786410013308

# Matrix 130
0.609835602191068 0.20031278575633266 0.028167716955461483
0.20031278575633266 0.8576805550777407 0.34128979125241365
0.028167716955461483 0.34128979125241365 2.21126561874814

# Matrix 131
0.5842196938233118 0.1330491408792255 0.015010407492271298
0.1330491408792255 0.8800577549676006 0.3687614487234724
0.015010407492271298 0.3687614487234724 2.171782346823917

# Matrix 132
0.5305532188263896 0.12359581184700286 0.15223315996052228
0.12359581184700286 0.9685194792285039 0.4388574682635591
0.15223315996052228 0.4388574682635591 2.2225597907854837

# Matrix 133
0.5576751277226126 0.058924502424407985 0.10176687268556621
0.058924502424407985 0.8746795716389063 0.3702625005855838
0.10176687268556621 0.3702625005855838 2.2321675493180893

# Matrix 134
0.5236993381271114 0.12021219228162525 0.09476860885438886
0.12021219228162525 0.8596615497110596 0.4076993015169343
0.09476860885438886 0.4076993015169343 2.4910430895046174

# Matrix 135
0.5072296509968335 0.13116490873747977 0.0784977049975074
0.13116490873747977 0.8538229394843673 0.46202365050517696
0.0784977049975074 0.46202365050517696 2.6546673100815372

# Matrix 136
0.48660654742704995 0.18086154655484432 0.09437760995071993
0.18086154655484432 0.8279912356312238 0.5204368408885547
0.09437760995071993 0.5204368408885547 3.02923449835995

# Matrix 137
0.43168386772733275 0.18942189977451765 0.10231047275577397
0.18942189977451765 0.8386890525989992 0.42268816711169266
0.10231047275577397 0.42268816711169266 3.279055523451011

# Matrix 138
0.4478876447354914 0.19194461055272244 0.22716176583662973
0.19194461055272244 1.0289322582231717 0.6727904725797407
0.22716176583662973 0.6727904725797407 2.823468013620837

# Matrix 139
0.5139477811970269 0.21443032879337742 0.2115036529031618
0.21443032879337742 0.9894135547205188 0.7029649421535351
0.2115036529031618 0.7029649421535351 2.668970452375998

# Matrix 140
0.5299062410546939 0.20258126805127058 -0.034515744833615254
0.20258126805127058 0.9809286820042838 -0.3746904981387287
-0.034515744833615254 -0.3746904981387287 2.23561179275354

# Matrix 141
0.5128118027741271 0.19142510250226147 0.018190463394806546
0.19142510250226147 1.0744417096693097 -0.21225471763195458
0.018190463394806546 -0.21225471763195458 1.9927116792904527

# Matrix 142
0.4740532322703257 0.13726000653765844 -0.10520194969293675
0.13726000653765844 1.0509544933808685 -0.3601353650147259
-0.10520194969293675 -0.3601353650147259 2.2169064857587175

# Matrix 143
0.4437633581498613 0.13665009030651354 -0.12297835635632114
0.13665009030651354 1.0257768549169723 -0.4390859645038738
-0.12297835635632114 -0.4390859645038738 2.488521982389317

# Matrix 144
0.42567504763834624 0.05288144930556165 0.046749316881667315
0.05288144930556165 0.9423787681843497 -0.4484682703436812
0.046749316881667315 -0.4484682703436812 2.736007201009917

# Matrix 145
0.42246130030943324 0.050320442575272684 0.08859898318466317
0.050320442575272684 0.80959861300389 -0.45188155562495713
0.08859898318466317 -0.45188155562495713 3.2302674770336144

# Matrix 146
0.46619022448106384 0.10984525360624506 0.0953294513712946
0.10984525360624506 0.8084482911139385 -0.43134266362207296
0.0953294513712946 -0.43134266362207296 3.0236939119840205

# Matrix 147
0.4843458229786903 0.12793024284927457 0.2700021885208555
0.12793024284927457 0.7597244411587507 -0.3713805952921683
0.2700021885208555 -0.3713805952921683 3.2645991480766337

# Matrix 148
0.5049704894521583 0.10506739285369752 0.37651018772688805
0.10506739285369752 0.7309150734014754 -0.3942467832479368
0.37651018772688805 -0.3942467832479368 3.388603744233371

# Matrix 149
0.5254567632363479 0.18088411000615612 0.3633029031170292
0.18088411000615612 0.7731050549513905 -0.24951757732684093
0.3633029031170292 -0.24951757732684093 3.125852200851152

# Matrix 150
0.5235286493536233 0.2295525152766546 -0.23089272509474543
0.2295525152766546 0.8358746066648187 -0.4293431654862421
-0.23089272509474543 -0.4293431654862421 2.8462619452129085

# Matrix 151
0.5835248350515092 0.20988993950151008 -0.2881539146056814
0.20988993950151008 0.7912441994024855 -0.5230784295887072
-0.2881539146056814 -0.5230784295887072 2.7823936082106098

# Matrix 152
0.578491269380936 0.2785381067740498 -0.1975731091443073
0.2785381067740498 0.8447225074562317 -0.5541556814731758
-0.1975731091443073 -0.5541556814731758 2.7966005715627986

# Matrix 153
0.6832364626784899 0.2934891290115933 -0.24503213189772177
0.2934891290115933 0.742889134246439 -0.36269176368168066
-0.24503213189772177 -0.36269176368168066 2.5681770418885863

# Matrix 154
0.6719301826140582 0.23521973055423306 -0.2158172186606902
0.23521973055423306 0.711380604050771 -0.31397723310670483
-0.2158172186606902 -0.31397723310670483 2.525603507633854

# Matrix 155
0.647947902818406 0.26892921900780864 -0.1957545841969504
0.26892921900780864 0.794971064072913 -0.2630194743710823
-0.1957545841969504 -0.2630194743710823 2.365965435625452

# Matrix 156
0.5955549087883523 0.2184711944171199 -0.3715905666977114
0.2184711944171199 0.8241115761264508 -0.38214090591523975
-0.3715905666977114 -0.38214090591523975 2.570037854915705

# Matrix 157
0.587969869934326 0.20254994442385243 -0.38999658701625456
0.20254994442385243 0.8535391805846988 -0.30809145113578323
-0.38999658701625456 -0.30809145113578323 2.467199568082956

# Matrix 158
0.5084088552849697 0.2146033074834957 -0.23264323081960664
0.2146033074834957 0.9431238360713414 -0.24178650386124878
-0.23264323081960664 -0.24178650386124878 2.4377738372940794

# Matrix 159
0.5049886418164287 0.1968259364682183 -0.23670972983581987
0.1968259364682183 0.914786455936779 -0.26004421143937556
-0.23670972983581987 -0.26004421143937556 2.5074043834221205

# Matrix 160
0.43232759770916745 0.13528117941488285 -0.21016734026132844
0.13528117941488285 0.9902330043478161 -0.29852955917506657
-0.21016734026132844 -0.29852955917506657 2.5995167003539574

# Matrix 161
0.4119128612551407 0.07632985568796015 -0.17959467770996904
0.07632985568796015 1.1379373922373661 -0.29013679263897274
-0.17959467770996904 -0.29013679263897274 2.297282792619099

# Matrix 162
0.37231955741202155 0.0009445334504245131 -0.06881707521631458
0.0009445334504245131 1.3580347288049264 -0.2432256026873622
-0.06881707521631458 -0.2432256026873622 2.03398129917967

# Matrix 163
0.3216737869947054 -0.06555476147635658 -0.09292017292874254
-0.06555476147635658 1.77059197500511 -0.36341014447976755
-0.09292017292874254 -0.36341014447976755 1.8791452361459102

# Matrix 164
0.31058273132372527 -0.0450885449305781 -0.13778504375025732
-0.0450885449305781 1.8432179416303056 -0.31977192130029536
-0.13778504375025732 -0.31977192130029536 1.8770194507372004

# Matrix 165
0.3032646982123927 -0.029819838425446554 -0.2327707413162031
-0.029819838425446554 1.9001958267379648 -0.2639635318562386
-0.2327707413162031 -0.2639635318562386 1.9600356344926921

# Matrix 166
0.2754310486882679 0.012597245085973739 -0.29645520010246273
0.012597245085973739 1.8291552720484523 -0.34570377615786596
-0.29645520010246273 -0.34570377615786596 2.3649311140088556

# Matrix 167
0.32406796219296186 0.00590313444407837 -0.39413682050863474
0.00590313444407837 1.710070314089949 -0.15116422027494017
-0.39413682050863474 -0.15116422027494017 2.2960643194109958

# Matrix 168
0.3651635171007836 -0.007405237705777118 -0.5218312728073997
-0.007405237705777118 1.4762027977774332 0.007915140011718488
-0.5218312728073997 0.007915140011718488 2.6010053383898137

# Matrix 169
0.3259887670238344 -0.03811302104992059 -0.44171096017801276
-0.03811302104992059 1.683790294733632 0.2374787607018273
-0.44171096017801276 0.2374787607018273 2.4457483541259317

# Matrix 170
0.3965645444739792 -0.0684054175402072 0.19326857165675634
-0.0684054175402072 1.5115116711230325 -0.09975033500569547
0.19326857165675634 -0.09975033500569547 1.778559617883294

# Matrix 171
0.4099641358566145 -0.07178491619510478 0.2710415885385446
-0.07178491619510478 1.5584576892554851 -0.12371768793732157
0.2710415885385446 -0.12371768793732157 1.7608444842297666

# Matrix 172
0.42781732032355363 0.06241527912904531 0.2961346246083957
0.06241527912904531 1.614691188573661 0.035575493305143535
0.2961346246083957 0.035575493305143535 1.6608422063865318

# Matrix 173
0.3830864904207978 0.07200907573827248 0.298361544833673
0.07200907573827248 1.5718786468979584 0.01810389316968166
0.298361544833673 0.01810389316968166 1.9083978514670477

# Matrix 174
0.3877304787938104 0.0023508962922002435 0.32951664802305297
0.0023508962922002435 1.5383589395014066 0.0012322795253504359
0.32951664802305297 0.0012322795253504359 1.9565930064824908

# Matrix 175
0.46492081423281334 0.0948458760997748 0.3678116650096451
0.0948458760997748 1.4526929162915672 0.14045756171583917
0.3678116650096451 0.14045756171583917 1.7945915578866294

# Matrix 176
0.4436751910501454 0.07177853148358596 0.24507416557042855
0.07177853148358596 1.629644964205961 0.08822948243114341
0.24507416557042855 0.08822948243114341 1.5298197227453327

# Matrix 177
0.5019639031687327 0.13951496773114755 0.2515000581104648
0.13951496773114755 1.428015802491723 -0.047674609022635435
0.2515000581104648 -0.047674609022635435 1.5699648250142035

# Matrix 178
0.5619936659639245 0.25960665751769807 0.32897765238653426
0.25960665751769807 1.4738840900096406 0.11287696704282166
0.32897765238653426 0.11287696704282166 1.5079064614154913

# Matrix 179
0.5872240935746512 0.3195339749987807 0.20678132013709638
0.3195339749987807 1.457158869596574 0.0609679394030372
0.20678132013709638 0.0609679394030372 1.4018901779057675

# Matrix 180
0.6580807967384855 -0.22196315364453226 0.1681415311564189
-0.22196315364453226 1.3074326837885673 -0.08100637082928294
0.1681415311564189 -0.08100637082928294 1.2762894631955548

# Matrix 181
0.5493220368964402 -0.12006837251732354 0.17237949411115397
-0.12006837251732354 1.4350272714851455 0.04404990093183641
0.17237949411115397 0.04404990093183641 1.3510318720952137

# Matrix 182
0.5394004163009218 -0.07916499143223035 0.04120886261718925
-0.07916499143223035 1.290935513963033 0.05363996885365064
0.04120886261718925 0.05363996885365064 1.4550738937829544

# Matrix 183
0.5221084127872927 -0.07261185023475418 0.006085236367023995
-0.07261185023475418 1.2076717539211121 -0.20210612873720457
0.006085236367023995 -0.20210612873720457 1.6332206640530436

# Matrix 184
0.5569322843030032 -0.1123442680721401 -0.08208543892386785
-0.1123442680721401 1.1826324139128772 -0.1100495974954487
-0.08208543892386785 -0.1100495974954487 1.5738452456685932

# Matrix 185
0.6259357935826614 -0.12902275654522738 -0.07390486599147467
-0.12902275654522738 1.1267891367107665 0.030762840350382827
-0.07390486599147467 0.030762840350382827 1.461060023211345

# Matrix 186
0.611254160132131 -0.15101098821317974 -0.03127193369169561
-0.15101098821317974 1.2354189305041583 0.053163347094963634
-0.03127193369169561 0.053163347094963634 1.3687892047847228

# Matrix 187
0.5853067726451507 -0.21705869243215084 -0.045781714653656096
-0.21705869243215084 1.321137651863018 0.0489579593352126
-0.045781714653656096 0.0489579593352126 1.3815192320960068

# Matrix 188
0.5173533532496681 -0.28908791458380695 0.007839473092497258
-0.28908791458380695 1.4613037735544483 0.12324588300720302
0.007839473092497258 0.12324588300720302 1.499775321174677

# Matrix 189
0.49908910025324976 -0.1508939111524282 0.04939492912607748
-0.1508939111524282 1.2762541875586457 0.060372722892421196
0.04939492912607748 0.060372722892421196 1.6376427742448114

# Matrix 190
0.5552296844530825 -0.27598393985525177 0.05030731880481271
-0.27598393985525177 1.140500908956631 -0.07302608988496503
0.05030731880481271 -0.07302608988496503 1.8019539084022018

# Matrix 191
0.5440141674895728 -0.3059885110750934 -0.044648460563412304
-0.3059885110750934 1.2575952913168162 0.04199193414328049
-0.044648460563412304 0.04199193414328049 1.6973476325756804

# Matrix 192
0.5437806768078441 -0.29097290486144206 -0.05190257709580128
-0.29097290486144206 1.1963258027832075 0.13467550780766813
-0.05190257709580128 0.13467550780766813 1.7831150397575517

# Matrix 193
0.5862459402875877 -0.3416542070269168 -0.03818360136028729
-0.3416542070269168 1.118600954031104 0.11397815342756856
-0.03818360136028729 0.11397815342756856 1.8667607128954957

# Matrix 194
0.6922950700680279 -0.43738046748407333 -0.051185772641875224
-0.43738046748407333 1.0861859012673685 0.06308622574097988
-0.051185772641875224 0.06308622574097988 1.7885657522807477

# Matrix 195
0.5999023865725938 -0.3585343360751919 -0.09914636029995706
-0.3585343360751919 1.112365806126744 0.2112994707224019
-0.09914636029995706 0.2112994707224019 1.8982269330277743

# Matrix 196
0.6122186404022273 -0.34347359616570633 -0.11252120902907987
-0.34347359616570633 1.0279243789121466 0.12571961969968035
-0.11252120902907987 0.12571961969968035 1.9810157744098662

# Matrix 197
0.6341120799038981 -0.35803528629858394 0.016035506397088714
-0.35803528629858394 1.1121029523826371 0.09542145991059332
0.016035506397088714 0.09542145991059332 1.7454771218317142

# Matrix 198
0.6066942626243259 -0.316333599022512 -0.004404172560225479
-0.316333599022512 1.2257335453184295 0.008638353588736374
-0.004404172560225479 0.008638353588736374 1.5538817393090516

# Matrix 199
0.6735280198278722 -0.351641465881554 0.05394383990692747
-0.351641465881554 1.1331808802532566 -0.12304209531132752
0.05394383990692747 -0.12304209531132752 1.5773327760623272

# Matrix 200
0.6223803386054648 -0.23200618695835193 0.03673431509477497
-0.23200618695835193 1.15172456668497 -0.09949878563950407
0.03673431509477497 -0.09949878563950407 1.5174121316814775

# Matrix 201
0.6605319536957923 -0.2773300093474899 0.14322303071061657
-0.2773300093474899 1.1644356891393934 -0.0484779699927408
0.14322303071061657 -0.0484779699927408 1.4757806828708735

# Matrix 202
0.6602116951575028 -0.298722628316662 0.11691729721977832
-0.298722628316662 1.1927929096291288 -0.11210730089362025
0.11691729721977832 -0.11210730089362025 1.4561493591246277

# Matrix 203
0.6021549113717016 -0.26751855856639467 0.1254101215459046
-0.26751855856639467 1.1655745375097568 -0.07715978955029978
0.1254101215459046 -0.07715978955029978 1.6131289659518584

# Matrix 204
0.6636363717939839 -0.20687795533842623 0.10000355136480316
-0.20687795533842623 1.0833084460285465 0.002549006263487294
0.10000355136480316 0.002549006263487294 1.4952036028468032

# Matrix 205
0.6365216459599176 -0.16679751214141417 0.18008786015482794
-0.16679751214141417 1.058796319416453 -0.081609502628899
0.18008786015482794 -0.081609502628899 1.5998056279896309

# Matrix 206
0.6265239653873532 -0.19254540522929686 0.27292661330225093
-0.19254540522929686 1.0213981450140266 -0.2573558265849891
0.27292661330225093 -0.2573558265849891 1.8089379275686712

# Matrix 207
0.606094726542795 -0.172870970992447 0.32275348346408794
-0.172870970992447 1.0604313433247463 -0.3444373277734726
0.32275348346408794 -0.3444373277734726 1.8666199898346192

# Matrix 208
0.6058998176173089 -0.30766314605751083 0.306596570052739
-0.30766314605751083 1.2677354250606072 -0.3501709884554759
0.306596570052739 -0.3501709884554759 1.6740345044922231

# Matrix 209
0.5515587148937622 -0.24896183703373648 0.24640874299976917
-0.24896183703373648 1.412830150687924 -0.32315988722878036
