# Matrix 1
1.1905507889761493 0.3968502629920503 -0.39685026299205
0.3968502629920503 1.190550788976149 0.39685026299204845
-0.39685026299205 0.39685026299204845 1.19055078897615

# Matrix 2
1.2599210498948887 -0.6299605249474011 0.6299605249474005
-0.6299605249474011 1.2599210498948152 5.218048215738038e-15
0.6299605249474005 5.218048215738038e-15 1.2599210498948183

# Matrix 3
1.190550788976149 0.39685026299204845 0.39685026299205256
0.39685026299204845 1.1905507889761504 -0.3968502629920475
0.39685026299205256 -0.3968502629920475 1.1905507889761484

# Matrix 4
1.1905507889761502 -0.39685026299204906 -0.3968502629920498
-0.39685026299204906 1.190550788976149 -0.3968502629920499
-0.3968502629920498 -0.3968502629920499 1.190550788976149

# Matrix 5
1.1905507889761482 -0.39685026299205406 0.396850262992052
-0.39685026299205406 1.1905507889761477 0.3968502629920417
0.396850262992052 0.3968502629920417 1.1905507889761515

# Matrix 6
1.2599210498948654 -0.6299605249474326 -0.6299605249474324
-0.6299605249474326 1.2599210498948756 0.6299605249474439
-0.6299605249474324 0.6299605249474439 1.259921049894878

# Matrix 7
1.2599210498948719 0.6299605249474356 -0.6299605249474349
0.6299605249474356 1.2599210498948714 -0.6299605249474332
-0.6299605249474349 -0.6299605249474332 1.2599210498948723

# Matrix 8
1.5874010519681956 0.7937005259840975 -0.7937005259840969
0.7937005259840975 1.190550788976149 -0.39685026299204773
-0.7937005259840969 -0.39685026299204773 1.190550788976149

# Matrix 9
1.587401051968192 -0.7937005259840926 -0.7937005259840951
-0.7937005259840926 1.1905507889761464 0.3968502629920615
-0.7937005259840951 0.3968502629920615 1.1905507889761486

# Matrix 10
1.2599210498948699 4.761468996861143e-14 0.6299605249474115
4.761468996861143e-14 1.2599210498948705 -0.6299605249474108
0.6299605249474115 -0.6299605249474108 1.2599210498948505

# Matrix 11
1.2599210498948723 0.6299605249474359 0.6299605249474345
0.6299605249474359 1.2599210498948716 -1.7763568394002315e-15
0.6299605249474345 -1.7763568394002315e-15 1.2599210498948734

# Matrix 12
1.2599210498948634 3.996802888650562e-15 -0.6299605249474269
3.996802888650562e-15 1.2599210498948648 0.6299605249474292
-0.6299605249474269 0.6299605249474292 1.2599210498948714

# Matrix 13
1.5874010519681891 0.7937005259840931 0.7937005259840942
0.7937005259840931 1.1905507889761466 0.39685026299204684
0.7937005259840942 0.39685026299204684 1.1905507889761506

# Matrix 14
1.2599210498948603 0.6299605249474273 -0.629960524947427
0.6299605249474273 1.2599210498948743 2.126077092157153e-14
-0.629960524947427 2.126077092157153e-14 1.259921049894878

# Matrix 15
1.2599210498948754 -0.6299605249474367 -0.629960524947436
-0.6299605249474367 1.2599210498948712 9.992007221626391e-16
-0.629960524947436 9.992007221626391e-16 1.2599210498948712

# Matrix 16
1.259921049894871 0.6299605249474347 0.629960524947435
0.6299605249474347 1.2599210498948716 0.6299605249474363
0.629960524947435 0.6299605249474363 1.2599210498948745

