# Matrix 1
0.5514362519213251 -0.06836633976443732 -0.22388080719316839
-0.06836633976443732 0.641669764238082 0.06047162203570461
-0.22388080719316839 0.06047162203570461 2.9565521343506287

# Matrix 2
0.8413601732549552 -0.3985019073148803 0.41349888449675914
-0.3985019073148803 0.8405053585769966 -0.2131995203922113
0.41349888449675914 -0.2131995203922113 2.0272883268806816

# Matrix 3
0.5281158267878554 -0.06213791757985429 0.11633439163958831
-0.06213791757985429 0.8634029644750596 -0.08977778425040925
0.11633439163958831 -0.08977778425040925 2.2442127420195264

# Matrix 4
0.6711212622198668 -0.22662999977959206 0.008138997344752125
-0.22662999977959206 0.952975462838951 0.3285414300016556
0.008138997344752125 0.3285414300016556 1.8254231641418899

# Matrix 5
0.6707109753801791 -0.10262335145597451 -0.19145446673878436
-0.10262335145597451 0.9928977814255977 0.08372490563330282
-0.19145446673878436 0.08372490563330282 1.5834313587516606

# Matrix 6
0.5107102350391022 -0.025133395224483962 -0.03784657849990658
-0.025133395224483962 0.8973677965811848 -0.4418682546044392
-0.03784657849990658 -0.4418682546044392 2.407536434925678

# Matrix 7
0.6112403209198812 0.05098977245430214 -0.30276007445802233
0.05098977245430214 1.2875109620738208 -0.16946230745333785
-0.30276007445802233 -0.16946230745333785 1.4410629778936779

# Matrix 8
0.35879504695496844 -0.08470533856737864 -0.17202317991111543
-0.08470533856737864 1.3140246954968102 0.3458616989024856
-0.17202317991111543 0.3458616989024856 2.308305535894627

# Matrix 9
0.3716569622336108 0.07760811911974921 0.002902051633674109
0.07760811911974921 0.7600089039307334 0.30109105375297407
0.002902051633674109 0.30109105375297407 3.738841022471109

# Matrix 10
0.3847965730671754 -0.04261323388687205 0.1466585559529658
-0.04261323388687205 0.6414318079296197 0.025037650370251963
0.1466585559529658 0.025037650370251963 4.140123998807562

# Matrix 11
0.14003061238090322 0.048264186641796755 -0.008010518172892242
0.048264186641796755 2.0758561868097196 0.0034390826357371673
-0.008010518172892242 0.0034390826357371673 3.468436659507812

# Matrix 12
0.4691598125238434 -0.06950761147225581 0.021466971582455988
-0.06950761147225581 1.6074607357231632 -0.647536555149734
0.021466971582455988 -0.647536555149734 1.5954749768875405

# Matrix 13
0.844659991774686 0.28509830091450555 0.026130825817054837
0.28509830091450555 0.7801136364463516 0.24249578458272983
0.026130825817054837 0.24249578458272983 1.8118057611133989

# Matrix 14
0.26804023632722274 0.03270437015755209 0.04393223161889548
0.03270437015755209 1.5152609667406767 -0.32121509428358463
0.04393223161889548 -0.32121509428358463 2.5464113580525813

# Matrix 15
0.9186587611807548 -0.21715560446430243 -0.18995740603570183
-0.21715560446430243 1.1211744633697118 -0.3241674748108501
-0.18995740603570183 -0.3241674748108501 1.1840793806735652

# Matrix 16
0.3869775470954456 -0.10547629661162367 0.07002212326556492
-0.10547629661162367 1.2441874040370124 -0.21643629384626029
0.07002212326556492 -0.21643629384626029 2.1708024339273617

# Matrix 17
0.6512010332478931 -0.04455791481420451 -0.2322208278593592
-0.04455791481420451 0.8516256989181168 0.38059750562342953
-0.2322208278593592 0.38059750562342953 2.0492043407139247

# Matrix 18
0.631671935820419 0.06323494282932948 0.2109581074842215
0.06323494282932948 1.6988521740922773 -0.7375502314868998
0.2109581074842215 -0.7375502314868998 1.34587447477049

# Matrix 19
1.0141538690332663 -0.03199746173097693 0.3500901504201072
-0.03199746173097693 1.1732907301059334 -0.39720888159925544
0.3500901504201072 -0.39720888159925544 1.0891916805198707

# Matrix 20
0.3412216022046254 0.09058893262012022 0.08221641993029591
0.09058893262012022 1.3494711035499856 -0.2254688620612293
0.08221641993029591 -0.2254688620612293 2.2770561878073505

# Matrix 21
0.8411238798236853 -0.07199868392418635 0.16926853062220054
-0.07199868392418635 0.8458027119510189 0.40039247674533773
0.16926853062220054 0.40039247674533773 1.6550115661469456

# Matrix 22
0.8195739556752237 -0.25336808183257986 0.3627042567886176
-0.25336808183257986 1.2703452704754055 -0.19656591004505025
0.3627042567886176 -0.19656591004505025 1.1900942272124093

# Matrix 23
0.7066350980575646 -0.06920872667994607 0.20049544822968868
-0.06920872667994607 1.001166987880052 -0.20998826318558433
0.20049544822968868 -0.20998826318558433 1.5164686499690954

# Matrix 24
0.27953527252008953 0.08917735169487984 -0.09379743039091158
0.08917735169487984 0.9810177182116373 0.03000959208780668
-0.09379743039091158 0.03000959208780668 3.7907397090731245

# Matrix 25
0.7430921715288576 0.10720810222390785 0.19892056336428215
0.10720810222390785 0.8479558084148051 0.02039751698862724
0.19892056336428215 0.02039751698862724 1.6698447796813398

# Matrix 26
0.6152873377918648 0.11400563504583819 0.23110513319124337
0.11400563504583819 1.2040287827898921 -0.46150483071878623
0.23110513319124337 -0.46150483071878623 1.6757753426823816

# Matrix 27
0.6655720624373298 -0.16764716521532558 0.08791291483286523
-0.16764716521532558 0.9001233233038897 -0.06304780746897992
0.08791291483286523 -0.06304780746897992 1.7649023308320457

# Matrix 28
1.1683270168939104 -0.4765821789068645 0.12139135037144698
-0.4765821789068645 1.322506072890339 0.3816196127676842
0.12139135037144698 0.3816196127676842 0.9361166845762895

# Matrix 29
1.026696809242051 -0.26862601211927 0.1999150224068605
-0.26862601211927 0.9931049376125465 0.3858007758711377
0.1999150224068605 0.3858007758711377 1.3023727479407508

# Matrix 30
0.7750652231407058 0.23609179685155893 0.23106645586400165
0.23609179685155893 1.3370683898450695 0.3372277319262048
0.23106645586400165 0.3372277319262048 1.1449774408904108

# Matrix 31
1.0796661285763745 0.34470097775393066 -0.24829690644167735
0.34470097775393066 1.1743129225149098 0.1432875531518616
-0.24829690644167735 0.1432875531518616 0.9739308134413909

# Matrix 32
1.0202247331834386 -0.4425134614006655 0.34309632989004374
-0.4425134614006655 0.868587718448045 -0.03329332352141906
0.34309632989004374 -0.03329332352141906 1.5836729335120807

# Matrix 33
0.659216606933318 0.2384219200746923 -0.18009981542536982
0.2384219200746923 1.207450801203189 -0.5179830749934153
-0.18009981542536982 -0.5179830749934153 1.585050179480383

# Matrix 34
0.7220020798600049 0.005631266253878983 -0.27288352028285257
0.005631266253878983 0.8969340485409768 -0.23716740634927685
-0.27288352028285257 -0.23716740634927685 1.7089984402837683

# Matrix 35
0.5717200955112764 0.25783558813383933 -0.03820839215407404
0.25783558813383933 1.0422798507527298 -0.19716365100886596
-0.03820839215407404 -0.19716365100886596 1.926400334322682

# Matrix 36
0.5545437983387396 0.16253419771152494 0.14804756072417158
0.16253419771152494 1.1606233151242962 -0.06283794244644174
0.14804756072417158 -0.06283794244644174 1.6698864749853664

# Matrix 37
0.6104166994891264 -0.16739935114688181 0.048217623700209794
-0.16739935114688181 1.095616840178907 -0.20978278467889105
0.048217623700209794 -0.20978278467889105 1.6012609363091856

# Matrix 38
0.49395465142904194 0.14953645449210046 -0.24021076426886023
0.14953645449210046 1.0794188934555042 -0.5088025901217955
-0.24021076426886023 -0.5088025901217955 2.258329256342288

# Matrix 39
0.5889462320661499 -0.17956303764712617 -0.19952024110802608
-0.17956303764712617 1.2369600401150274 0.602851397437483
-0.19952024110802608 0.602851397437483 1.7523421395024767

# Matrix 40
0.4081248735923623 0.03500633356269567 -0.20229854434495442
0.03500633356269567 1.074372488677238 0.25006688358457996
-0.20229854434495442 0.25006688358457996 2.454030948316136

# Matrix 41
0.7212145187700971 0.0837621964258873 -0.25758815119809236
0.0837621964258873 1.002779481043132 0.25021490145184355
-0.25758815119809236 0.25021490145184355 1.5672746954808645

# Matrix 42
0.6234906140652394 0.30093944898069125 -0.1904774128539628
0.30093944898069125 0.646168539515411 -0.25831705887736234
-0.1904774128539628 -0.25831705887736234 3.3153451365522963

# Matrix 43
0.714162917342699 -0.22285560767699078 0.3002074179247381
-0.22285560767699078 0.5562071856442126 -0.1590195524117377
0.3002074179247381 -0.1590195524117377 3.0121866607734273

# Matrix 44
0.8085151244007389 0.013765813153516576 0.13916456899145271
0.013765813153516576 1.1140552148088607 -0.18941755512972994
0.13916456899145271 -0.18941755512972994 1.1674206163918517

# Matrix 45
0.34248274387518884 -0.13418721672349354 0.12557409744545317
-0.13418721672349354 1.0404727802615348 -0.11194787740751311
0.12557409744545317 -0.11194787740751311 3.0056545172541376

# Matrix 46
0.840223995232191 -0.16814189955438494 -0.2380379562176834
-0.16814189955438494 1.0228257911708654 0.4520862621468804
-0.2380379562176834 0.4520862621468804 1.43598690080376

# Matrix 47
0.4297555999360604 -0.19723113813690582 -0.14598159432472957
-0.19723113813690582 1.355711670101851 -0.30114796369834235
-0.14598159432472957 -0.30114796369834235 1.9958763946487401

# Matrix 48
0.7474348634349459 -0.3555961564791106 -0.027301893052126963
-0.3555961564791106 1.0042611016593856 -0.05544517420536932
-0.027301893052126963 -0.05544517420536932 1.608730089776277

# Matrix 49
0.8150162328019429 0.030492851862142817 0.09815619887912817
0.030492851862142817 0.6439003750659629 -0.2512244338464172
0.09815619887912817 -0.2512244338464172 2.0218139123233096

# Matrix 50
0.9292105584081559 0.39801925135557104 0.2384874209186877
0.39801925135557104 1.1822768374087156 0.09041982679031968
0.2384874209186877 0.09041982679031968 1.1249886178422064

# Matrix 51
0.6862755528850546 -0.07343188981010035 -0.021292683991507022
-0.07343188981010035 0.7505510083025789 -0.36708118155761404
-0.021292683991507022 -0.36708118155761404 2.14631903868773

# Matrix 52
0.5197900486250574 -0.0008717864403397536 0.029150655639069555
-0.0008717864403397536 1.2026018854880254 -0.5070555304607604
0.029150655639069555 -0.5070555304607604 1.8151294507972717

# Matrix 53
0.12230223829834741 -0.03915382189294625 0.05539319616505395
-0.03915382189294625 1.5531431216546079 -0.12018023087498109
0.05539319616505395 -0.12018023087498109 5.339197374558901

# Matrix 54
0.558640911626747 0.22633842120374742 0.12374480882538508
0.22633842120374742 1.1793489658696321 0.4416557993094316
0.12374480882538508 0.4416557993094316 1.8141560166679147

# Matrix 55
0.7444314598799914 0.15599061655169913 0.13027702053127793
0.15599061655169913 1.2910888023303428 -0.025622739809876338
0.13027702053127793 -0.025622739809876338 1.092494811925648

# Matrix 56
0.46716419427972466 -0.1981093706288236 0.15719878646719943
-0.1981093706288236 1.5955739527047879 -0.48893087910717786
0.15719878646719943 -0.48893087910717786 1.586995247006323

# Matrix 57
0.1659482760052936 -0.06766048354668966 -0.08285455666035513
-0.06766048354668966 1.237878521302421 -0.14579935031749425
-0.08285455666035513 -0.14579935031749425 5.046955861544793

# Matrix 58
0.5694220221806073 -0.2554082266869469 0.10707096308609468
-0.2554082266869469 0.8499864498086278 -0.1384439177520252
0.10707096308609468 -0.1384439177520252 2.419208798187417

# Matrix 59
0.7653468228552159 -0.31919309515475286 0.08401517383612436
-0.31919309515475286 1.0336973469964075 -0.2825165245907574
0.08401517383612436 -0.2825165245907574 1.528075854563795

# Matrix 60
0.286062016539422 -0.12393510800665497 -0.1075368800845527
-0.12393510800665497 0.46949999683279603 -0.024388799065656636
-0.1075368800845527 -0.024388799065656636 8.459703489721196

# Matrix 61
0.30839505452427357 -0.09325121096828201 -0.04047340498226637
-0.09325121096828201 1.610290429423833 -0.30681088644666976
-0.04047340498226637 -0.30681088644666976 2.119211032333038

# Matrix 62
0.7604951204028544 -0.31353714212789097 0.1283782144700882
-0.31353714212789097 1.1146855376005869 0.03561632972285672
0.1283782144700882 0.03561632972285672 1.364015149985104

# Matrix 63
0.41444341314824945 -0.157866651597645 0.09683040925404607
-0.157866651597645 1.4191887928250975 0.20812914662123772
0.09683040925404607 0.20812914662123772 1.8422004563742669

# Matrix 64
0.5179395880837401 0.13298690996302423 0.22883345819377554
0.13298690996302423 0.7219690334287798 0.25412432302569654
0.22883345819377554 0.25412432302569654 2.9636054543631527

# Matrix 65
0.76819228310922 -0.35763040903017224 -0.34218398303764336
-0.35763040903017224 1.042544387929445 0.26817992458321976
-0.34218398303764336 0.26817992458321976 1.6518931968716504

# Matrix 66
0.27263649921861854 -0.07337998891571809 0.0990712162548344
-0.07337998891571809 1.884768452896143 -0.3386939636535966
0.0990712162548344 -0.3386939636535966 2.054881504976256

# Matrix 67
0.39763972897325456 0.0033291766433418968 0.08038481678172024
0.0033291766433418968 0.6262478262856783 -0.2966489193266322
0.08038481678172024 -0.2966489193266322 4.173319231792203

# Matrix 68
1.451662809974974 -0.7154244911328057 -0.7204101123813473
-0.7154244911328057 1.306118894535655 0.2840021224264691
-0.7204101123813473 0.2840021224264691 1.085239687872598

# Matrix 69
0.5154995543260827 -0.11619648986169964 0.090383405905484
-0.11619648986169964 1.3404195679109354 0.2320820437202613
0.090383405905484 0.2320820437202613 1.5403915615674832

# Matrix 70
0.5962469032942019 0.09828328094005767 -0.2190660506777909
0.09828328094005767 1.3805765435582662 -0.4133945985682257
-0.2190660506777909 -0.4133945985682257 1.414064327455322

# Matrix 71
1.1172075595845599 -0.003676744668472204 -0.2779558078964749
-0.003676744668472204 0.9029752715938587 0.41170234175222115
-0.2779558078964749 0.41170234175222115 1.2473142458569146

# Matrix 72
0.752439415246438 -0.0422575999754593 0.17441742706848917
-0.0422575999754593 0.9502479468319669 -0.09300447501870983
0.17441742706848917 -0.09300447501870983 1.4498301655346875

# Matrix 73
0.6347416591568705 -0.00533240848869191 -0.02125270595757134
-0.00533240848869191 0.7771236037941915 -0.2379010953709012
-0.02125270595757134 -0.2379010953709012 2.1010468439194683

# Matrix 74
0.8596465211180433 -0.03597902440977779 0.007487148124450447
-0.03597902440977779 0.9730961558519611 -0.1813235437142509
0.007487148124450447 -0.1813235437142509 1.2310712144000409

# Matrix 75
0.7548149279193618 -0.014083779378423422 -0.15020969301783166
-0.014083779378423422 0.9228990511040431 0.02831116054507149
-0.15020969301783166 0.02831116054507149 1.4665131494504977

# Matrix 76
0.3397834402266335 0.007498724252969324 0.1416141542721718
0.007498724252969324 1.4550897844528172 0.4757570896606623
0.1416141542721718 0.4757570896606623 2.235376663192261

# Matrix 77
0.9581536213018891 -0.41486015032241386 -0.21656727221468217
-0.41486015032241386 1.3186911959395677 -0.25992525227489927
-0.21656727221468217 -0.25992525227489927 1.0750308232381653

# Matrix 78
0.40561035229474207 0.16158493610464938 0.006133005347477627
0.16158493610464938 0.7440349565760115 0.32425831447509007
0.006133005347477627 0.32425831447509007 3.7798821500219693

# Matrix 79
0.7236577485931635 -0.32928173424905627 -0.28874168196874106
-0.32928173424905627 1.2276592413741492 -0.07984519123733408
-0.28874168196874106 -0.07984519123733408 1.4386913480960835

# Matrix 80
0.22910948974692474 -0.07455476820074078 -0.04715968173314483
-0.07455476820074078 1.9320361228867273 -0.0033879359685335952
-0.04715968173314483 -0.0033879359685335952 2.2977527662382484

# Matrix 81
0.5345396032402004 0.02609734885108103 -0.24523247257541286
0.02609734885108103 0.8567884369165086 0.12940737055052673
-0.24523247257541286 0.12940737055052673 2.3225885016156558

# Matrix 82
0.37953402493614424 -0.15583814023964415 -0.06310041681249351
-0.15583814023964415 0.5650867687476939 0.2734616536646725
-0.06310041681249351 0.2734616536646725 5.390848755828967

# Matrix 83
0.3720697748163051 0.03288688527094066 -0.03136823912900824
0.03288688527094066 1.8175840062455615 -0.7257837634552824
-0.03136823912900824 -0.7257837634552824 1.7717818717291516

# Matrix 84
0.8145250912161043 -0.1764674278012489 0.20747964243622963
-0.1764674278012489 0.623212061975521 -0.12789486414525436
0.20747964243622963 -0.12789486414525436 2.163329930526216

# Matrix 85
0.21524940229504744 0.08279441969523438 -0.04305102771303032
0.08279441969523438 1.3426522053449652 -0.5603242225013216
-0.04305102771303032 -0.5603242225013216 3.778393755255926

# Matrix 86
0.3418485045587237 -0.06980383962697344 0.09717666933369262
-0.06980383962697344 1.1083010699396634 -0.1948123985830424
0.09717666933369262 -0.1948123985830424 2.7294144393819386

# Matrix 87
0.6984915583569776 -0.088125361259146 0.06438880337671093
-0.088125361259146 1.1930356152855557 -0.5966324059663315
0.06438880337671093 -0.5966324059663315 1.5102702023722894

# Matrix 88
0.6333884745184012 0.1083297239653553 -0.1532574326542428
0.1083297239653553 1.4857335113869976 0.40192761709942315
-0.1532574326542428 0.40192761709942315 1.2380824183123762

# Matrix 89
0.40941118095313955 -0.060143563846569686 -0.08328215515536959
-0.060143563846569686 0.8388521146756966 -0.1838959098722472
-0.08328215515536959 -0.1838959098722472 3.006036236654735

# Matrix 90
0.7196730294880234 -0.3460572251186257 -0.22864566619379428
-0.3460572251186257 0.8702808847543092 -0.22094034772541504
-0.22864566619379428 -0.22094034772541504 2.2022798090951548

# Matrix 91
0.5563868011505076 0.025015106165006795 -0.05789820835439369
0.025015106165006795 1.4509175396505871 0.6524726416862555
-0.05789820835439369 0.6524726416862555 1.5417167519732577

# Matrix 92
0.2286283999103271 -0.0708484557935721 -0.041885136681695204
-0.0708484557935721 1.43486345978199 0.18571286619246574
-0.041885136681695204 0.18571286619246574 3.124468523045344

# Matrix 93
0.7473222923324924 -0.1392804231299567 0.0021296056304857397
-0.1392804231299567 0.9521330622785344 0.27610972067472184
0.0021296056304857397 0.27610972067472184 1.527327218371368

# Matrix 94
0.6739194910942008 -0.16108337899996208 0.1917111782720858
-0.16108337899996208 0.8206144912312694 -0.4253576536763689
0.1917111782720858 -0.4253576536763689 2.1359565584637

# Matrix 95
1.3134274809908655 -0.6157649594510877 -0.6539935197166378
-0.6157649594510877 1.076179998596435 0.11967915020401504
-0.6539935197166378 0.11967915020401504 1.3368341988370385

# Matrix 96
0.9961243768398867 0.13254391801330687 -0.11462995007897431
0.13254391801330687 0.977202707988776 0.08507223686352616
-0.11462995007897431 0.08507223686352616 1.0698722795806939

# Matrix 97
1.1045360527446324 -0.2655099299132793 0.10557140071218027
-0.2655099299132793 1.1194911860447827 -0.42023355740359625
0.10557140071218027 -0.42023355740359625 1.0153964774807593

# Matrix 98
0.8461138728845932 0.3169594804087645 -0.3563456531997182
0.3169594804087645 0.9272352173903218 -0.4159840262148536
-0.3563456531997182 -0.4159840262148536 1.7105926653700614

# Matrix 99
0.6752629021102178 -0.2693048083027608 -0.029433279268224977
-0.2693048083027608 1.2971300061370286 0.3218781748453491
-0.029433279268224977 0.3218781748453491 1.3268735873203874

# Matrix 100
0.4469792818493342 0.11082936283049474 -0.09490702175847815
0.11082936283049474 0.5615461848277805 0.11898450006610284
-0.09490702175847815 0.11898450006610284 4.2472544629633715

# Matrix 101
0.8774307891021412 0.4170582773495747 0.044885352578777765
0.4170582773495747 0.9518229263198228 0.379136024328639
0.044885352578777765 0.379136024328639 1.6845324331024647

# Matrix 102
0.992122866537733 0.23954724308984954 -0.3868605335313674
0.23954724308984954 0.7892100464004623 -0.29278524564404373
-0.3868605335313674 -0.29278524564404373 1.5833514301882943

# Matrix 103
0.46235051892733176 -0.022396405021134658 0.103570859041476
-0.022396405021134658 1.2960867306478032 0.6087940320631108
0.103570859041476 0.6087940320631108 1.9842985915514466

# Matrix 104
0.5126259232982898 0.2109473361470497 0.054400494355149986
0.2109473361470497 1.144997437773427 0.2911655353704656
0.054400494355149986 0.2911655353704656 1.9175082318192782

# Matrix 105
0.8697173776067372 0.2848410961292389 -0.14685820629162216
0.2848410961292389 1.179762060934557 -0.13470075279834492
-0.14685820629162216 -0.13470075279834492 1.0899861884197137

# Matrix 106
0.8345136043896721 0.21363029965067754 0.06368532275861755
0.21363029965067754 0.6321566889923298 -0.2011722328432256
0.06368532275861755 -0.2011722328432256 2.1618573529118748

# Matrix 107
0.5864993517538128 0.2684691710984691 0.16165706565108806
0.2684691710984691 0.6028841220946406 0.06266678501609468
0.16165706565108806 0.06266678501609468 3.5970280105432915

# Matrix 108
0.5463454740781363 -0.062437436035193555 -0.05619293963624654
-0.062437436035193555 0.6000596079848499 0.06256143671835737
-0.05619293963624654 0.06256143671835737 3.098072930539821

# Matrix 109
0.3598911438541471 -0.03475647422970494 0.023330127769115583
-0.03475647422970494 0.8352308299439478 0.11561256483042934
0.023330127769115583 0.11561256483042934 3.358402413327245

# Matrix 110
0.7922645801507219 0.18856727012566388 -0.3708212257039965
0.18856727012566388 1.3006360106954387 -0.31362983790191745
-0.3708212257039965 -0.31362983790191745 1.219146998570764

# Matrix 111
0.40972469766982716 -0.024392021014351936 0.12054855219981209
-0.024392021014351936 1.0278788893805144 0.3561141337058643
0.12054855219981209 0.3561141337058643 2.541874732988578

# Matrix 112
0.5486683057674064 -0.09051066815152309 -0.22671130589706495
-0.09051066815152309 0.8627366006958725 -0.150111881870706
-0.22671130589706495 -0.150111881870706 2.2849292482807533

# Matrix 113
0.7237121900466976 0.2774633817544381 -0.294409121558674
0.2774633817544381 1.1211488469703481 -0.09987709102431558
-0.294409121558674 -0.09987709102431558 1.481583209635478

# Matrix 114
0.5069171729831019 0.12654186036694887 0.023089270358040814
0.12654186036694887 0.6187390712392874 -0.19815055722181224
0.023089270358040814 -0.19815055722181224 3.4316717337386566

# Matrix 115
0.9517183267280265 -0.05584854081139776 0.1421396581954788
-0.05584854081139776 0.7942776948656982 -0.34911089902703835
0.1421396581954788 -0.34911089902703835 1.4963924508127233

# Matrix 116
0.6849085579091331 -0.3185973367156732 0.07406614974594516
-0.3185973367156732 1.3815990997363343 -0.14681355262021606
0.07406614974594516 -0.14681355262021606 1.2020068269152773

# Matrix 117
0.6338301851122079 -0.13189939203697773 -0.035548694253556
-0.13189939203697773 0.8841514935259158 0.4271478513045668
-0.035548694253556 0.4271478513045668 2.0492600070045706

# Matrix 118
0.6301788586564886 0.06023435914091141 0.2666330462639014
0.06023435914091141 0.7579958229816111 0.04600699860963389
0.2666330462639014 0.04600699860963389 2.222879545167305

# Matrix 119
0.6369940239587429 0.15316293151135246 -0.26095426809026034
0.15316293151135246 1.0323800132304077 0.06479504361048888
-0.26095426809026034 0.06479504361048888 1.7001297278110286

# Matrix 120
0.78897659336058 -0.05012873207997964 0.15256838917540183
-0.05012873207997964 1.145276610924102 -0.059462672034702124
0.15256838917540183 -0.059462672034702124 1.1414467139558349

# Matrix 121
0.6221075147340919 0.25692784919899336 0.30504396780542875
0.25692784919899336 0.9249764915922281 -0.24050458321448054
0.30504396780542875 -0.24050458321448054 2.2766030163449984

# Matrix 122
0.5551977744718152 0.18305870593747178 -0.0010300726040884112
0.18305870593747178 1.0524351287285856 0.09078747692568301
-0.0010300726040884112 0.09078747692568301 1.8239162057177174

# Matrix 123
0.2409394180313138 -0.00478522355844499 0.07700151263437105
-0.00478522355844499 1.6932211786175226 0.761634553236244
0.07700151263437105 0.761634553236244 2.819935087101442

# Matrix 124
0.7717029193281506 0.175954934053903 0.2625283432585005
0.175954934053903 0.81360505476243 0.3786778861887411
0.2625283432585005 0.3786778861887411 1.8960418512999362

# Matrix 125
0.8882980514274331 0.35386732406894694 -0.049440534135982206
0.35386732406894694 1.033561259443151 -0.3068672922149517
-0.049440534135982206 -0.3068672922149517 1.3563545080525934

# Matrix 126
0.5325803889423626 -0.06201429536323273 -0.16590617665701785
-0.06201429536323273 0.6361919826191351 0.15699721938598088
-0.16590617665701785 0.15699721938598088 3.0670935990310677

# Matrix 127
0.6019787685490912 -0.1767899396766062 -0.2137479604077029
-0.1767899396766062 0.8187791781693193 0.28050520532216183
-0.2137479604077029 0.28050520532216183 2.3039392861510457

# Matrix 128
0.6990610438502307 0.020371319218725037 0.24422922530236602
0.020371319218725037 1.1482979481803157 0.3011147479855176
0.24422922530236602 0.3011147479855176 1.4070293194222132

# Matrix 129
1.0650763931206324 0.3742404533041924 -0.19161492965650906
0.3742404533041924 0.8421240222790956 -0.4083858867696015
-0.19161492965650906 -0.4083858867696015 1.5193898064870512

# Matrix 130
0.3454798970202353 0.14643637175466057 -0.09532145939468023
0.14643637175466057 1.1789795257719164 0.3117512852215235
-0.09532145939468023 0.3117512852215235 2.728877825454847

# Matrix 131
0.6208423440175677 0.3097804222802547 -0.2817731410763148
0.3097804222802547 1.0250613729929012 0.14149059851586948
-0.2817731410763148 0.14149059851586948 2.0696481949733303

# Matrix 132
1.0322780651650152 -0.5084876602537549 -0.04117092427825021
-0.5084876602537549 0.9197788287710547 -0.06581892550674234
-0.04117092427825021 -0.06581892550674234 1.4600889483767223

# Matrix 133
0.6010889481953767 -0.1507944338895831 0.2002405771026843
-0.1507944338895831 0.8588703926407361 0.050004991365016106
0.2002405771026843 0.050004991365016106 2.1052103863126357

# Matrix 134
0.5651446117372616 0.28174250923458866 -0.14911166410275503
0.28174250923458866 1.2409093809807943 -0.19516783698478435
-0.14911166410275503 -0.19516783698478435 1.660548341824338

# Matrix 135
0.4200316987270898 0.06532256151004667 0.1364565657275112
0.06532256151004667 1.0114608238153098 -0.3720465060337918
0.1364565657275112 -0.3720465060337918 2.576466542034906

# Matrix 136
0.18620873803253848 -0.013885466183431616 -0.08930798547506985
-0.013885466183431616 1.263610456944861 0.48524531535887716
-0.08930798547506985 0.48524531535887716 4.477707479383568

# Matrix 137
0.6414488390606019 -0.21340591899365918 -0.3089495490091734
-0.21340591899365918 1.029768364235768 0.4470798391624776
-0.3089495490091734 0.4470798391624776 1.8984515599500464

# Matrix 138
0.6030937246077787 0.28177504611324466 -0.2640745724361198
0.28177504611324466 1.4100078515924408 -0.24740637276369304
-0.2640745724361198 -0.24740637276369304 1.4247303132342102

# Matrix 139
0.6044395076972379 0.24097352131797065 0.043098511614087315
0.24097352131797065 1.1265305638043763 -0.22762429614778212
0.043098511614087315 -0.22762429614778212 1.6667512554640436

# Matrix 140
0.33855914127754966 0.1414727736677081 0.08315127465658295
0.1414727736677081 1.7758710656085699 0.6628819147499688
0.08315127465658295 0.6628819147499688 1.9707585859437746

# Matrix 141
0.4894516539864884 0.15786897845951225 -0.01910339619517737
0.15786897845951225 1.432995909659043 -0.6190474758474354
-0.01910339619517737 -0.6190474758474354 1.7508164804014867

# Matrix 142
0.9283364867273949 0.2558135459931728 -0.19192842012043163
0.2558135459931728 0.8654641976536632 0.2800780216882951
-0.19192842012043163 0.2800780216882951 1.534150586309026

# Matrix 143
0.30974222011710856 -0.10970190613656153 0.0024357628631531125
-0.10970190613656153 1.8659403796571434 0.7127253262891041
0.0024357628631531125 0.7127253262891041 2.045733879223742

# Matrix 144
0.07088482368462566 0.008886971421229978 -0.009066463867625406
0.008886971421229978 2.541678698547985 0.9419147418450469
-0.009066463867625406 0.9419147418450469 5.904075284384675

# Matrix 145
0.5876454665261792 -0.1680763279090075 0.18917876042340626
-0.1680763279090075 0.780159224232929 -0.1025318273464032
0.18917876042340626 -0.1025318273464032 2.3885650103795095

# Matrix 146
0.7494000770097891 0.19726781765393858 0.20297093285948475
0.19726781765393858 0.7228362006144724 -0.14719037193951784
0.20297093285948475 -0.14719037193951784 2.103909799462759

# Matrix 147
0.545252743404419 0.2240244929777184 0.1581370629608957
0.2240244929777184 0.7358654328793539 0.09836406410220722
0.1581370629608957 0.09836406410220722 2.8962277352940555

# Matrix 148
0.559063890535572 -0.07744447040826799 -0.26868481215684414
-0.07744447040826799 0.8888808006393553 -0.12913586431493007
-0.26868481215684414 -0.12913586431493007 2.197537563342829

# Matrix 149
0.7854664557103972 0.07543304874014838 0.06995420955443488
0.07543304874014838 1.2486157972426835 -0.17985435346458334
0.06995420955443488 -0.17985435346458334 1.0598536213892416

# Matrix 150
0.46176954757454436 0.0297236070337569 0.16413851175965669
0.0297236070337569 0.6044352648881963 -0.06184016948437454
0.16413851175965669 -0.06184016948437454 3.661241419411339

# Matrix 151
0.9777179109803584 -0.47519108905856056 0.3293552308130245
-0.47519108905856056 0.879754136942323 -0.2735987106861848
0.3293552308130245 -0.2735987106861848 1.7072410115914038

# Matrix 152
0.445954505023398 -0.06890503545888949 -0.08764383330744549
-0.06890503545888949 1.2595743520019749 -0.37996726438555595
-0.08764383330744549 -0.37996726438555595 1.936655796967527

# Matrix 153
1.1392276560348937 0.3522553987162945 0.1459194486667664
0.3522553987162945 0.8674100903345009 -0.21746759763058895
0.1459194486667664 -0.21746759763058895 1.2668787165075608

# Matrix 154
0.3403743212300347 -0.08789788830691064 -0.021684345941737793
-0.08789788830691064 1.4866769146378567 0.33995063983380064
-0.021684345941737793 0.33995063983380064 2.084562987614585

# Matrix 155
0.5403983401831115 -0.059985579237256226 0.18877823489291684
-0.059985579237256226 0.5763694247906042 -0.24768917356251308
0.18877823489291684 -0.24768917356251308 3.4042978957280114

# Matrix 156
0.20091015689441535 -0.07508389427603242 -0.015589970932538619
-0.07508389427603242 1.8891223277835174 0.043068818155323575
-0.015589970932538619 0.043068818155323575 2.6764220463019437

# Matrix 157
0.9426507751223835 -0.31361518127289845 0.4609595584698118
-0.31361518127289845 0.9883133417740453 -0.4123993120807699
0.4609595584698118 -0.4123993120807699 1.5013971471653889

# Matrix 158
0.6044621689195808 0.0141852463753116 0.040964835239513026
0.0141852463753116 1.591574032363537 0.754423029787596
0.040964835239513026 0.754423029787596 1.3992130663215423

# Matrix 159
0.4570007868282733 0.035558093588144546 0.1367357409008799
0.035558093588144546 1.019937586871955 -0.48764157198765207
0.1367357409008799 -0.48764157198765207 2.436245266195215

# Matrix 160
0.2584719041813363 -0.09064442562406633 0.05365015620678476
-0.09064442562406633 1.0499739674248183 -0.44617594141011896
0.05365015620678476 -0.44617594141011896 3.9903026689411125

# Matrix 161
0.2926191667101053 -0.13981913483504319 -0.061517222271816774
-0.13981913483504319 0.6453363250085526 0.19946645219151915
-0.061517222271816774 0.19946645219151915 5.970009350009749

# Matrix 162
0.6931591846891318 0.07275314603146582 -0.03378693460735144
0.07275314603146582 0.9296339097518113 -0.1721694014843443
-0.03378693460735144 -0.1721694014843443 1.597207946488685

# Matrix 163
0.2365562088973072 0.017747346241308852 -0.10610717938561676
0.017747346241308852 0.6094129464661623 0.23614773758238267
-0.10610717938561676 0.23614773758238267 7.097494965416456

# Matrix 164
0.7480940837512395 0.2666010360011334 -0.02542296679846988
0.2666010360011334 1.131116708397959 -0.4464862965716051
-0.02542296679846988 -0.4464862965716051 1.4756844088743075

# Matrix 165
0.8708776028531866 0.2754803651656638 -0.1560769092457548
0.2754803651656638 1.3621447013395622 -0.34218646152453913
-0.1560769092457548 -0.34218646152453913 0.9958185298234323

# Matrix 166
0.7401820510741575 -0.20217010553827947 -0.1454990915574124
-0.20217010553827947 0.9098582230762201 -0.02951633340052947
-0.1454990915574124 -0.02951633340052947 1.6150212515941675

# Matrix 167
0.6414002010303189 0.23018654849323392 -0.11476321849225224
0.23018654849323392 1.3996824936766086 -0.18547434001368424
-0.11476321849225224 -0.18547434001368424 1.2200942240890802

# Matrix 168
0.7175601458875991 0.21892511707300405 -0.25943826140820736
0.21892511707300405 0.9834672177098351 0.10927866364254663
-0.25943826140820736 0.10927866364254663 1.6528271462376192

# Matrix 169
0.9678934991135995 0.4770118322579067 0.41928107428484834
0.4770118322579067 0.7716103147303933 0.44922479672939014
0.41928107428484834 0.44922479672939014 2.2169971720344663

# Matrix 170
0.4548278289771038 0.12177902310245317 -0.11311417732619997
0.12177902310245317 1.07653849817872 0.1603095461231417
-0.11311417732619997 0.1603095461231417 2.169036692883881

# Matrix 171
0.3106197474577239 -0.011459052760848703 0.04983617924818412
-0.011459052760848703 0.4233873348698126 0.025783189385913508
0.04983617924818412 0.025783189385913508 7.621241168602814

# Matrix 172
0.8944457041661715 -0.339122110853215 -0.3468710474094735
-0.339122110853215 1.032372054281397 0.30910516080925543
-0.3468710474094735 0.30910516080925543 1.40643051422236

# Matrix 173
0.5655520621830473 0.18060705052938567 -0.0966989509700249
0.18060705052938567 1.5126575030712335 -0.008901443101856435
-0.0966989509700249 -0.008901443101856435 1.2321279898788196

# Matrix 174
0.3252815220496048 0.151570556251014 0.12638260812587132
0.151570556251014 0.5722612632917569 0.14264093742329886
0.12638260812587132 0.14264093742329886 6.191574615491934

# Matrix 175
0.5751710034502948 -0.11825651186180486 0.07963295622614597
-0.11825651186180486 1.02989087504531 -0.3966321370781198
0.07963295622614597 -0.3966321370781198 1.8837913291262036

# Matrix 176
0.412748824241728 0.03721055670261317 0.11436155553032346
0.03721055670261317 1.605594701024805 0.7991258029512716
0.11436155553032346 0.7991258029512716 1.9321578252674352

# Matrix 177
0.8096180340627679 -0.19274997878487043 -0.24322076525965663
-0.19274997878487043 1.2057485379922397 0.36123934256399315
-0.24322076525965663 0.36123934256399315 1.2173108446231369

# Matrix 178
0.5334334256344454 0.07535628269444655 0.10934073996533517
0.07535628269444655 1.3028142666053686 0.4701146325272222
0.10934073996533517 0.4701146325272222 1.6331702468186737

# Matrix 179
1.0902019083895358 -0.4022681085084797 -0.036484152595264094
-0.4022681085084797 0.9614000257743575 0.031178402260553656
-0.036484152595264094 0.031178402260553656 1.1298925175977204

# Matrix 180
0.6355892684453511 -0.07444690872762735 -0.25943654608697897
-0.07444690872762735 0.9563070372252689 -0.17239701858448342
-0.25943654608697897 -0.17239701858448342 1.809661705801567

# Matrix 181
0.7174804735018899 0.318764382417667 0.09261159933504376
0.318764382417667 0.9553165399367192 0.053313933966459975
0.09261159933504376 0.053313933966459975 1.725021531347401

# Matrix 182
0.9178711755765128 0.3552769262866904 0.3410820587126636
0.3552769262866904 0.9629263494127895 0.19061327262091238
0.3410820587126636 0.19061327262091238 1.4508274630288749

# Matrix 183
0.9913656579533255 -0.22506169715435265 -0.32131320504231964
-0.22506169715435265 1.0380388897621942 0.5663175245950851
-0.32131320504231964 0.5663175245950851 1.3728300137546607

# Matrix 184
0.5372868388491437 -0.09381700207647065 0.24996783212364798
-0.09381700207647065 0.7681071649896263 -0.3865229831416894
0.24996783212364798 -0.3865229831416894 2.7485948338782213

# Matrix 185
0.30818595843703933 -0.095164028453042 0.07128735436466427
-0.095164028453042 1.6183558271375458 -0.49406845338665234
0.07128735436466427 -0.49406845338665234 2.1988028000874866

# Matrix 186
0.389378323836165 0.11797018482204691 -0.17749991836593226
0.11797018482204691 1.0139418738054864 0.3292174559360424
-0.17749991836593226 0.3292174559360424 2.856297808233572

# Matrix 187
0.7778453597255803 -0.15665494145299477 0.1592953539380033
-0.15665494145299477 0.7203573271780278 -0.008001893026824247
0.1592953539380033 -0.008001893026824247 1.899881353877985

# Matrix 188
0.6835871663927419 0.25430614015741 0.056732367227076086
0.25430614015741 1.2055569683463019 0.1700235529122051
0.056732367227076086 0.1700235529122051 1.3414443535870355

# Matrix 189
0.42752635368381986 -0.06635239438072921 -0.10958624508189489
-0.06635239438072921 1.1375933120615 0.2234348830753852
-0.10958624508189489 0.2234348830753852 2.140800723597108

# Matrix 190
0.3728978566959827 0.07419485188844871 0.13102525214512584
0.07419485188844871 1.3436064599214315 0.33945212494371296
0.13102525214512584 0.33945212494371296 2.1380129713918596

# Matrix 191
0.8254333302339107 0.012983289367162587 -0.13831841941701778
0.012983289367162587 1.3316472429389332 -0.6074484376243725
-0.13831841941701778 -0.6074484376243725 1.2082382548921695

# Matrix 192
0.4260454707669741 -0.12878932626710432 -0.14469863897908586
-0.12878932626710432 0.8315168942402998 0.2788203268027968
-0.14469863897908586 0.2788203268027968 3.080275496167051

# Matrix 193
0.3391535655471629 0.004871779763776882 0.0024690214600130104
0.004871779763776882 0.6759057745611855 0.32740291840245433
0.0024690214600130104 0.32740291840245433 4.521362239894563

# Matrix 194
0.3835538059591138 0.04027070081987488 0.06974910589101063
0.04027070081987488 1.216783204608228 -0.5620509601707407
0.06974910589101063 -0.5620509601707407 2.430209640163854

# Matrix 195
0.27751681761722746 0.0016391852959581343 -0.027338101127815317
0.0016391852959581343 1.76774729502913 -0.50401321254538
-0.027338101127815317 -0.50401321254538 2.184720405697155

# Matrix 196
0.47919792584557813 -0.05453890278806742 0.1526714552496212
-0.05453890278806742 0.5042420542935673 0.1705839167084835
0.1526714552496212 0.1705839167084835 4.309686832429656

# Matrix 197
0.5920630604863861 0.017222388042164583 0.1330836076125898
0.017222388042164583 1.032726715875676 0.5001908649718205
0.1330836076125898 0.5001908649718205 1.904836169815782

# Matrix 198
0.25214414147229497 -0.11892054258125133 0.04559735901639593
-0.11892054258125133 2.3074010074945037 -0.3932633159904579
0.04559735901639593 -0.3932633159904579 1.8312655668167992

# Matrix 199
0.6898562178511409 -0.22420554793453318 -0.25672491228670263
-0.22420554793453318 0.9715602459549978 0.4411959901834334
-0.25672491228670263 0.4411959901834334 1.8509429010825829

# Matrix 200
0.806876712415985 0.3518961399629127 0.11327946366745462
0.3518961399629127 1.058009433668725 0.20907443642913276
0.11327946366745462 0.20907443642913276 1.4142292125908098

# Matrix 201
0.8416753557220912 0.06815144309447263 -0.30776984101925514
0.06815144309447263 0.9469389412297162 -0.3633222622076604
-0.30776984101925514 -0.3633222622076604 1.49621739232089

# Matrix 202
0.7606035911985896 -0.1767777986705184 -0.1623659309200167
-0.1767777986705184 0.8965119401137482 -0.20015236389976815
-0.1623659309200167 -0.20015236389976815 1.6377645405259473

# Matrix 203
0.7292367328776838 0.248108079719262 -0.047766394352462105
0.248108079719262 1.1644426585629053 -0.4165959047304817
-0.047766394352462105 -0.4165959047304817 1.4212134490183974

# Matrix 204
0.4962680621254533 -0.20580665507362408 0.14527031908349458
-0.20580665507362408 1.06274085795042 -0.15636661635229587
0.14527031908349458 -0.15636661635229587 2.1136292163824733

# Matrix 205
0.37524048796223375 0.017532682679560485 -0.03397484275834213
0.017532682679560485 0.7738970842096535 -0.30409294796617065
-0.03397484275834213 -0.30409294796617065 3.568651152655629

# Matrix 206
0.3668881814046222 0.10007267584360197 0.018217274796290636
0.10007267584360197 1.8441721667809077 -0.4011367521536542
0.018217274796290636 -0.4011367521536542 1.5918482932259908

# Matrix 207
0.5598819337955939 -0.21186093975499026 0.13586598038689965
-0.21186093975499026 1.2455043671617925 -0.5669224104658918
0.13586598038689965 -0.5669224104658918 1.7937008410341497

# Matrix 208
0.3764549445122687 0.1619295460945968 -0.17674889648702724
0.1619295460945968 1.1810045217080392 0.18319721684448204
-0.17674889648702724 0.18319721684448204 2.5336566586660156

# Matrix 209
0.699178927723677 0.3203523190403577 -0.2795515234563977
0.3203523190403577 1.0086031903649304 -0.533990929660329
