# Matrix 1
0.5242405298764078 -0.195396690505731 0.09356028165291053 0.2404139911821613 0.07875385617002852 0.09528016006485714 -0.0028225115434211442 -0.21951975913616176
-0.195396690505731 1.4062493175910045 -0.45075152393165885 -0.09681699660472282 -0.01886051654024268 -0.3754027764899235 -0.656126542997642 0.027970847794568866
0.09356028165291053 -0.45075152393165885 1.3650721657593654 -0.11622442474423086 0.2697208079412621 0.47170269585290514 0.40055038481261446 -0.2172142847081305
0.2404139911821613 -0.09681699660472282 -0.11622442474423086 1.0330431653522576 0.1842948479117092 -0.24834128847710965 0.34125171721483855 -0.35199278535295836
0.07875385617002852 -0.01886051654024268 0.2697208079412621 0.1842948479117092 1.2912753394798744 -0.45707788874296396 -0.4118025978978182 -0.0880492199703811
0.09528016006485714 -0.3754027764899235 0.47170269585290514 -0.24834128847710965 -0.45707788874296396 1.235628477003196 0.5853974407804274 0.21779800102606608
-0.0028225115434211442 -0.656126542997642 0.40055038481261446 0.34125171721483855 -0.4118025978978182 0.5853974407804274 2.080635605518888 0.08241093157579304
-0.21951975913616176 0.027970847794568866 -0.2172142847081305 -0.35199278535295836 -0.0880492199703811 0.21779800102606608 0.08241093157579304 1.4426953481627032

# Matrix 2
0.6951253743047031 -0.1837616540116591 -0.18283076192511474 0.10195293529420449 -0.16348261672379008 0.24894372556300393 0.15127969685253162 0.19371446937137995
-0.1837616540116591 0.9228588805892649 -0.052433924152322176 -0.2247535546906017 -0.36560769781421953 -0.1603437732627637 0.14915369018282762 0.10091803247862892
-0.18283076192511474 -0.052433924152322176 0.7422653587250452 -0.21048947391295877 -0.12296553953577821 0.19799436674867157 -0.16326361112746104 -0.2815796218676866
0.10195293529420449 -0.2247535546906017 -0.21048947391295877 0.8639140210952517 0.329817944881916 0.26904486443669295 0.14493843872730136 -0.0841253544638309
-0.16348261672379008 -0.36560769781421953 -0.12296553953577821 0.329817944881916 1.1555267384214118 -0.16290106618107328 -0.36273309825434136 0.05034132110793997
0.24894372556300393 -0.1603437732627637 0.19799436674867157 0.26904486443669295 -0.16290106618107328 1.7470412133811495 0.26165327181529163 -0.23705838654395797
0.15127969685253162 0.14915369018282762 -0.16326361112746104 0.14493843872730136 -0.36273309825434136 0.26165327181529163 1.7292168332775704 -0.6798562785242765
0.19371446937137995 0.10091803247862892 -0.2815796218676866 -0.0841253544638309 0.05034132110793997 -0.23705838654395797 -0.6798562785242765 2.453279664075696

# Matrix 3
0.37359622027796097 0.06401334955352148 -0.12136959966429495 -0.16231651213399811 0.11747267879346548 -0.18233808200719773 -0.1171230896617091 -0.033016096389086896
0.06401334955352148 0.8714485538584793 0.3802416411297381 0.3300209314116008 -0.14705516550338837 -0.31373699623850004 0.406039703403336 0.20680111727093817
-0.12136959966429495 0.3802416411297381 1.4931997707232738 0.8294622148001607 -0.36137838236134506 0.41738178006195653 -0.14269609359143953 -0.5164916889937385
-0.16231651213399811 0.3300209314116008 0.8294622148001607 1.3242070118119398 0.025166551946504245 0.2677846447350093 -0.3457795339312553 -0.05213464076563735
0.11747267879346548 -0.14705516550338837 -0.36137838236134506 0.025166551946504245 1.4440949937800809 0.13175751611252104 -0.1421264747019707 0.12287495553455478
-0.18233808200719773 -0.31373699623850004 0.41738178006195653 0.2677846447350093 0.13175751611252104 1.562042409975773 -0.3444235677029029 -0.7777626654768759
-0.1171230896617091 0.406039703403336 -0.14269609359143953 -0.3457795339312553 -0.1421264747019707 -0.3444235677029029 1.7614423465245899 0.21624719980950166
-0.033016096389086896 0.20680111727093817 -0.5164916889937385 -0.05213464076563735 0.12287495553455478 -0.7777626654768759 0.21624719980950166 2.3672142863940815

# Matrix 4
1.013184418604105 0.3095572096136417 -0.14040957900531378 -0.009363266193680936 0.41518249321620804 -0.4274302968314148 -0.23824858294960202 0.3317407970622895
0.3095572096136417 0.9152450051427692 -0.26683743196234433 0.07876981182374966 0.1277609104283558 -0.13824452338613236 0.045872936823113164 -0.30307812659007444
-0.14040957900531378 -0.26683743196234433 0.7247267570297916 0.11651142821152424 0.1878979946545786 0.17521326601262122 0.1845073969234082 -0.21098100889558172
-0.009363266193680936 0.07876981182374966 0.11651142821152424 0.7312484466758177 0.20919067237977138 -0.0820757220278963 -0.2851396752649732 -0.34097316878662504
0.41518249321620804 0.1277609104283558 0.1878979946545786 0.20919067237977138 1.3911008178608713 -0.1646110251243125 -0.4922910236163109 0.36025765851047353
-0.4274302968314148 -0.13824452338613236 0.17521326601262122 -0.0820757220278963 -0.1646110251243125 1.364962503458248 0.539961223154782 -0.32238021641598585
-0.23824858294960202 0.045872936823113164 0.1845073969234082 -0.2851396752649732 -0.4922910236163109 0.539961223154782 1.8731267932282762 -0.5885892446615407
0.3317407970622895 -0.30307812659007444 -0.21098100889558172 -0.34097316878662504 0.36025765851047353 -0.32238021641598585 -0.5885892446615407 2.3469097641352827

# Matrix 5
0.7093024572817056 -0.2304809467392004 0.16370613032271902 -0.011541574087500608 -0.2509575564824449 0.30779972805403477 -0.34357456473437975 0.1967789180550567
-0.2304809467392004 0.9819519033124601 0.16564507027829503 -0.2959734349911159 -0.03406216755682991 0.10441894953180333 -0.28516349029968374 0.3435094213531417
0.16370613032271902 0.16564507027829503 0.8166597960486923 0.27206751031927423 0.08390282517748063 -0.058811132564446325 -0.24967049014072545 -0.14734571640724656
-0.011541574087500608 -0.2959734349911159 0.27206751031927423 1.2411898658907397 0.562093614860557 -0.3141600663442145 -0.15681039519014947 -0.24894521556351065
-0.2509575564824449 -0.03406216755682991 0.08390282517748063 0.562093614860557 1.0780394894726182 -0.004856703527803143 0.14202990831944853 -0.3367729750133156
0.30779972805403477 0.10441894953180333 -0.058811132564446325 -0.3141600663442145 -0.004856703527803143 1.3050929094623842 -0.058949906841912626 0.28087815420966356
-0.34357456473437975 -0.28516349029968374 -0.24967049014072545 -0.15681039519014947 0.14202990831944853 -0.058949906841912626 1.8222775881019753 0.37861251005727453
0.1967789180550567 0.3435094213531417 -0.14734571640724656 -0.24894521556351065 -0.3367729750133156 0.28087815420966356 0.37861251005727453 2.8957565635797464

# Matrix 6
0.6367423149785942 0.18970089198725573 -0.26641644321417746 -0.1542077010818626 -0.008755375578896139 -0.02872835709127711 -0.1645635520807935 -0.10634692352904888
0.18970089198725573 1.0410727543850826 -0.2109940571895003 0.28362943772666294 -0.385949494537171 -0.32181239699527675 -0.31298327705546747 0.2807588507628873
-0.26641644321417746 -0.2109940571895003 0.860633722264088 -0.3326149619886446 0.2298404111225199 -0.07768368602672114 -0.06196192772224681 0.11619941782840522
-0.1542077010818626 0.28362943772666294 -0.3326149619886446 1.8261879681266513 0.21441953739336542 0.017150124828778642 0.4801417733530526 -0.41430777384687595
-0.008755375578896139 -0.385949494537171 0.2298404111225199 0.21441953739336542 1.6551567101996687 0.6591487907324436 -0.21367158176462075 -0.301496801638914
-0.02872835709127711 -0.32181239699527675 -0.07768368602672114 0.017150124828778642 0.6591487907324436 1.218536426955384 0.3442001064776523 -0.25599333179036193
-0.1645635520807935 -0.31298327705546747 -0.06196192772224681 0.4801417733530526 -0.21367158176462075 0.3442001064776523 1.573861186876343 -0.13929881710290218
-0.10634692352904888 0.2807588507628873 0.11619941782840522 -0.41430777384687595 -0.301496801638914 -0.25599333179036193 -0.13929881710290218 1.558425489700392

# Matrix 7
0.9115789624846803 -0.44194130863922393 0.4398336203650524 -0.2011672962834496 -0.1484536572103869 0.025871903667454392 0.23476801154677462 -0.018672014574377217
-0.44194130863922393 0.9110086130085718 -0.2798195207590647 -0.0731119052425769 0.16890914977692223 -0.345498160252437 -0.09980192687611404 0.22747964490021222
0.4398336203650524 -0.2798195207590647 1.2601313886647485 -0.4367425896454475 -0.5100498581810452 -0.040694956968365885 0.3292655480499001 0.05143794953300761
-0.2011672962834496 -0.0731119052425769 -0.4367425896454475 1.4678472110294885 -0.2722206554258794 -0.126787231917674 -0.15416021222845475 0.35398187112607016
-0.1484536572103869 0.16890914977692223 -0.5100498581810452 -0.2722206554258794 1.2211303119925274 -0.29618272313860705 0.20851562870266602 -0.16931001889192898
0.025871903667454392 -0.345498160252437 -0.040694956968365885 -0.126787231917674 -0.29618272313860705 1.430693280124969 -0.38614208749591067 -0.4892211966387316
0.23476801154677462 -0.09980192687611404 0.3292655480499001 -0.15416021222845475 0.20851562870266602 -0.38614208749591067 1.5297932350453354 0.12779083553229206
-0.018672014574377217 0.22747964490021222 0.05143794953300761 0.35398187112607016 -0.16931001889192898 -0.4892211966387316 0.12779083553229206 1.3569311363571022

# Matrix 8
0.48730031197052687 -0.16432854360494856 -0.057952156342446326 0.09645115920462162 0.043211974183880696 0.08961261829516384 0.07909583514870701 -0.18185125879459998
-0.16432854360494856 1.2771547974059112 -0.5359582525023064 -0.18585116309302885 0.14620954699258934 0.11229088446524373 -0.21654956405072856 0.3212088176593326
-0.057952156342446326 -0.5359582525023064 1.242469943099288 0.10384941257912596 -0.2861160493484538 -0.138219416543319 -0.0844034831778764 -0.20759403105930516
0.09645115920462162 -0.18585116309302885 0.10384941257912596 0.9750252705163018 -0.27884596751548124 0.23832456865907634 -0.025851713868618353 -0.5366935400801914
0.043211974183880696 0.14620954699258934 -0.2861160493484538 -0.27884596751548124 1.0514796400023365 0.22132941976003448 -0.02038174349961857 0.028719033076463403
0.08961261829516384 0.11229088446524373 -0.138219416543319 0.23832456865907634 0.22132941976003448 1.5612587201069978 0.6118292555258811 -0.29933466767594774
0.07909583514870701 -0.21654956405072856 -0.0844034831778764 -0.025851713868618353 -0.02038174349961857 0.6118292555258811 1.4313046699906513 -0.06322352788380742
-0.18185125879459998 0.3212088176593326 -0.20759403105930516 -0.5366935400801914 0.028719033076463403 -0.29933466767594774 -0.06322352788380742 1.7545087962738317

# Matrix 9
0.7941612141345714 -0.2718533560601195 -0.27435680732679546 -0.017663689754419166 -0.3932462567289442 0.051997215253948285 0.3501416883836941 -0.15564368637473244
-0.2718533560601195 0.9878553368048415 0.3319137550005683 0.2021813495034368 0.41100994291292214 0.4294327753572259 0.00040293107779366423 -0.1792880289807362
-0.27435680732679546 0.3319137550005683 1.6776605231537927 -0.4638275530564007 0.3598493141793704 -0.01977842691982768 0.6120395283061512 0.19434820043866527
-0.017663689754419166 0.2021813495034368 -0.4638275530564007 1.4099777312789208 -0.5636411616029643 0.45679180209262565 -0.00404494779326063 0.08629463678857836
-0.3932462567289442 0.41100994291292214 0.3598493141793704 -0.5636411616029643 1.6077686558883992 0.20052188519224598 0.20980265317191474 0.38466987380760687
0.051997215253948285 0.4294327753572259 -0.01977842691982768 0.45679180209262565 0.20052188519224598 1.2225012609978696 0.02896408021068876 -0.3033410106424459
0.3501416883836941 0.00040293107779366423 0.6120395283061512 -0.00404494779326063 0.20980265317191474 0.02896408021068876 1.5201427417321207 0.4824121319367669
-0.15564368637473244 -0.1792880289807362 0.19434820043866527 0.08629463678857836 0.38466987380760687 -0.3033410106424459 0.4824121319367669 1.6589511890597033

# Matrix 10
0.8303836184549432 -0.3077341836386074 -0.3141650377890083 -0.17800163816483147 0.07685981919994199 0.3962117686456154 0.32201369523259593 0.171950450048905
-0.3077341836386074 0.7329163789142281 0.4028786991777778 -0.08720636975051722 -0.27633656645749566 -0.42386063518785855 -0.2353699540208008 -0.01507238219807955
-0.3141650377890083 0.4028786991777778 1.242029281525128 -0.34922724733660865 -0.26747714543403817 -0.5113609345483563 -0.260748127743049 0.03351463075365091
-0.17800163816483147 -0.08720636975051722 -0.34922724733660865 1.2056952552288915 -0.06459261673284562 -0.10707599144439961 -0.430216668817574 -0.5408869328935471
0.07685981919994199 -0.27633656645749566 -0.26747714543403817 -0.06459261673284562 1.0247653894910227 -0.05755416671083309 -0.23720328765235318 0.053406030556134514
0.3962117686456154 -0.42386063518785855 -0.5113609345483563 -0.10707599144439961 -0.05755416671083309 1.4387555951355318 0.28587921706724806 0.0018264870735861904
0.32201369523259593 -0.2353699540208008 -0.260748127743049 -0.430216668817574 -0.23720328765235318 0.28587921706724806 1.5129073401557456 -0.199819982417599
0.171950450048905 -0.01507238219807955 0.03351463075365091 -0.5408869328935471 0.053406030556134514 0.0018264870735861904 -0.199819982417599 2.7899991398329655

# Matrix 11
0.46155093965768973 -0.18839373417926897 0.15221948869564644 -0.02798078069765532 0.20826122056831597 -0.02640846402636203 0.039952297201772805 -0.13548932434760508
-0.18839373417926897 1.163984709978464 0.15938478070229392 -0.21504913304761056 -0.610426040625918 0.23682915785462175 -0.06786703202407295 0.2035692612165493
0.15221948869564644 0.15938478070229392 1.1641628477004895 0.15818570165449078 -0.5342209661719125 0.48649358974072227 -0.24555825833072792 0.3513865266854339
-0.02798078069765532 -0.21504913304761056 0.15818570165449078 1.121996663944607 -0.025187466345385816 -0.27320969781926446 -0.47394425770112586 0.16520192183085716
0.20826122056831597 -0.610426040625918 -0.5342209661719125 -0.025187466345385816 1.4042450915542877 -0.5922425374460862 0.5152385706781085 0.002626518358450472
-0.02640846402636203 0.23682915785462175 0.48649358974072227 -0.27320969781926446 -0.5922425374460862 2.0146076953888694 -0.7258377281236397 0.5400551265829711
0.039952297201772805 -0.06786703202407295 -0.24555825833072792 -0.47394425770112586 0.5152385706781085 -0.7258377281236397 1.686484786399037 -0.19377757325083422
-0.13548932434760508 0.2035692612165493 0.3513865266854339 0.16520192183085716 0.002626518358450472 0.5400551265829711 -0.19377757325083422 1.7752063772647153

# Matrix 12
0.982915456437021 -0.05797131744213499 -0.14065059258699572 0.4422140723956188 0.41649567171208846 0.24283189341116912 -0.33963958752502416 0.28482536480062404
-0.05797131744213499 0.8782081353468502 -0.18597401148440418 -0.06746145908273744 -0.21120317863227284 -0.37724140504387726 0.16036952013574668 -0.024793099408163426
-0.14065059258699572 -0.18597401148440418 1.154789527948704 0.08601507279176582 0.39560775906340895 0.07100169230390202 0.3781825193504919 0.05306190374345944
0.4422140723956188 -0.06746145908273744 0.08601507279176582 1.5552128160457557 0.6930647271789278 0.5541457345817706 -0.7086267796791595 0.059050694300529116
0.41649567171208846 -0.21120317863227284 0.39560775906340895 0.6930647271789278 1.421337955290068 0.7767844642231121 -0.6068424466951688 0.380581416487966
0.24283189341116912 -0.37724140504387726 0.07100169230390202 0.5541457345817706 0.7767844642231121 1.1356153838654246 -0.703500531342224 0.3118877155356887
-0.33963958752502416 0.16036952013574668 0.3781825193504919 -0.7086267796791595 -0.6068424466951688 -0.703500531342224 1.7678348110443443 0.04166498331922195
0.28482536480062404 -0.024793099408163426 0.05306190374345944 0.059050694300529116 0.380581416487966 0.3118877155356887 0.04166498331922195 1.7706299597867916

# Matrix 13
0.7972994536764337 0.19388750836209628 0.2645547186199558 -0.3414204181260898 0.16936540637015948 0.0014378403973596796 0.02731575089757296 -0.10393577769531943
0.19388750836209628 1.126059494943108 -0.12662083296645926 -0.21615009655488193 0.17545824165926865 -0.2993597482976492 -0.19434409985216383 -0.5232753411390769
0.2645547186199558 -0.12662083296645926 1.040704252636446 -0.1977153384445597 0.42639204232683087 0.46552334576825 0.06212329321894354 0.34199218477129895
-0.3414204181260898 -0.21615009655488193 -0.1977153384445597 1.1774943963776285 -0.1566775807949087 -0.4719436043354109 0.03101348833557116 -0.10798981821421164
0.16936540637015948 0.17545824165926865 0.42639204232683087 -0.1566775807949087 1.2964788636929012 -0.3869378009069068 0.06811807159123878 -0.19287746671807982
0.0014378403973596796 -0.2993597482976492 0.46552334576825 -0.4719436043354109 -0.3869378009069068 1.5193371504609594 -0.29947618931130277 0.7982340932159318
0.02731575089757296 -0.19434409985216383 0.06212329321894354 0.03101348833557116 0.06811807159123878 -0.29947618931130277 1.2377815759686537 -0.15050240641392232
-0.10393577769531943 -0.5232753411390769 0.34199218477129895 -0.10798981821421164 -0.19287746671807982 0.7982340932159318 -0.15050240641392232 1.994172913465768

# Matrix 14
0.8132724287859163 0.10938656745065813 0.31556952496093826 0.23201459065285432 -0.03090468494944226 -0.0338681508598166 -0.3639503320618048 -0.20338888919550382
0.10938656745065813 0.6235272605202157 -0.12902657886840424 0.028881218121867513 -0.13989035831310648 0.14118534163922844 0.07228728905582095 -0.2600162788375742
0.31556952496093826 -0.12902657886840424 1.246642824435411 0.03679136188857434 0.47346964333671904 0.08052405924431714 0.012583640149871593 -0.30373478643040935
0.23201459065285432 0.028881218121867513 0.03679136188857434 0.958675267696304 -0.28932734485188394 0.1128936659635732 0.2721559798470901 -0.19260662995286948
-0.03090468494944226 -0.13989035831310648 0.47346964333671904 -0.28932734485188394 1.3919523151102 0.14324056861337092 -0.27786653411223894 -0.19220644155678615
-0.0338681508598166 0.14118534163922844 0.08052405924431714 0.1128936659635732 0.14324056861337092 1.2217178913944298 0.5133483871160296 -0.08018028130095128
-0.3639503320618048 0.07228728905582095 0.012583640149871593 0.2721559798470901 -0.27786653411223894 0.5133483871160296 2.1073661942238044 0.2513781033506334
-0.20338888919550382 -0.2600162788375742 -0.30373478643040935 -0.19260662995286948 -0.19220644155678615 -0.08018028130095128 0.2513781033506334 1.4449068347778846

# Matrix 15
0.8144228623433205 0.1050711010812537 -0.1815991355383795 -0.1604250643318952 0.13049816370368278 -0.005371194459853886 -0.3732989912986079 -0.4056459109022781
0.1050711010812537 0.8312400381066033 -0.3528591328192499 0.2074808695784737 -0.12369315727177876 -0.20215952101372003 0.19755326218796998 -0.14374887555112797
-0.1815991355383795 -0.3528591328192499 1.8306666593421788 0.6536225312555961 0.009823468593081258 0.8971465720838072 0.3721989822809963 0.8392544387485489
-0.1604250643318952 0.2074808695784737 0.6536225312555961 1.402245610474679 -0.4211821565159292 -0.12689428178354942 0.40618966292471015 -0.11300683003058754
0.13049816370368278 -0.12369315727177876 0.009823468593081258 -0.4211821565159292 1.0722654343935554 0.44829751988002675 0.1925319460124353 0.008156053260652283
-0.005371194459853886 -0.20215952101372003 0.8971465720838072 -0.12689428178354942 0.44829751988002675 2.009897298600006 -0.36936147536741615 0.4249033154960597
-0.3732989912986079 0.19755326218796998 0.3721989822809963 0.40618966292471015 0.1925319460124353 -0.36936147536741615 1.5328509717773522 0.5897972562098831
-0.4056459109022781 -0.14374887555112797 0.8392544387485489 -0.11300683003058754 0.008156053260652283 0.4249033154960597 0.5897972562098831 1.8036051436950846

# Matrix 16
0.9060481132046104 0.259397296397979 -0.13763410796768202 0.42887795127676137 0.45290621766662303 -0.21021276665367117 -0.29573641799237677 -0.0986020423125004
0.259397296397979 1.729092553201168 0.7308269028096149 -0.17443148502190034 -0.5609189193090168 -0.1830851991053936 -0.26747215146148673 -0.113778797902692
-0.13763410796768202 0.7308269028096149 1.9352103249703427 -0.7891637442592804 0.11537104489078877 0.48672905738328676 -0.2696830826326988 -0.7177890777259399
0.42887795127676137 -0.17443148502190034 -0.7891637442592804 1.5774624342134607 0.027319831599527236 0.214995095044246 0.41748505140077097 0.3867861230562063
0.45290621766662303 -0.5609189193090168 0.11537104489078877 0.027319831599527236 1.5887804001155585 -0.11937798943489732 -0.4930691293470159 -0.5480482962141393
-0.21021276665367117 -0.1830851991053936 0.48672905738328676 0.214995095044246 -0.11937798943489732 1.2053623437771757 0.10863894728187608 0.14458185896583958
-0.29573641799237677 -0.26747215146148673 -0.2696830826326988 0.41748505140077097 -0.4930691293470159 0.10863894728187608 1.0002715158442357 0.03945662488111663
-0.0986020423125004 -0.113778797902692 -0.7177890777259399 0.3867861230562063 -0.5480482962141393 0.14458185896583958 0.03945662488111663 1.6877730528832484

# Matrix 17
1.1669547026010672 0.40177267760054974 -0.10657893201533512 -0.47628323769934555 -0.12706317821522947 -0.14170519375564547 -0.3523014876640584 0.1925047136976851
0.40177267760054974 1.2747621896200434 0.488424789812834 -0.4893940648735763 0.42367472236028597 -0.2805573728765057 -0.5525619382304764 -0.1377718682210234
-0.10657893201533512 0.488424789812834 1.0359975977393616 -0.019535111818220575 -0.08788945707295484 -0.21415696147810384 -0.34280956847391575 0.132529028587394
-0.47628323769934555 -0.4893940648735763 -0.019535111818220575 0.9236461668115814 -0.32048910935059693 -0.0017760071136193563 -0.058696141646515404 -0.12245029337324083
-0.12706317821522947 0.42367472236028597 -0.08788945707295484 -0.32048910935059693 1.1700214441306818 -0.32380937410721294 0.1311507449526942 -0.4720870987288169
-0.14170519375564547 -0.2805573728765057 -0.21415696147810384 -0.0017760071136193563 -0.32380937410721294 1.2893557388582415 0.09663700110192194 0.48228412738525067
-0.3523014876640584 -0.5525619382304764 -0.34280956847391575 -0.058696141646515404 0.1311507449526942 0.09663700110192194 1.841221207072646 0.07787029545203449
0.1925047136976851 -0.1377718682210234 0.132529028587394 -0.12245029337324083 -0.4720870987288169 0.48228412738525067 0.07787029545203449 1.8175399488282726

# Matrix 18
0.7432320411910518 0.06680178065607226 -0.015574972945983357 -0.11916469088607753 0.050399556325690556 0.20971260114691673 -0.10409471390808778 0.32151563902208724
0.06680178065607226 1.3834282634500183 -0.20967344711325664 -0.36623599203147883 -0.3464562411233813 0.5913598035792074 -0.291908641986018 -0.5638608616494333
-0.015574972945983357 -0.20967344711325664 1.273841660885771 -0.5446958749142274 -0.44398400624633316 -0.27918724491940183 0.21260516574291083 0.5647915583913191
-0.11916469088607753 -0.36623599203147883 -0.5446958749142274 1.4104206371201267 0.74065667660065 0.06617641692671167 0.3915103372782661 -0.33732001977270654
0.050399556325690556 -0.3464562411233813 -0.44398400624633316 0.74065667660065 1.2573312312580343 -0.16098894757207516 0.4992604030163087 0.21582015320466977
0.20971260114691673 0.5913598035792074 -0.27918724491940183 0.06617641692671167 -0.16098894757207516 1.2916476710361655 -0.551176520722182 -0.7522882169813907
-0.10409471390808778 -0.291908641986018 0.21260516574291083 0.3915103372782661 0.4992604030163087 -0.551176520722182 1.4541298651604313 0.6762594851826393
0.32151563902208724 -0.5638608616494333 0.5647915583913191 -0.33732001977270654 0.21582015320466977 -0.7522882169813907 0.6762594851826393 2.233007629040431

# Matrix 19
0.7730929127436388 0.2501515047670887 0.04455644529978958 -0.18214226755352592 0.2744425015510392 -0.15190067408411864 0.15784585575860402 0.1119468256325026
0.2501515047670887 1.092060204333359 0.30919305397971086 0.3302851733781707 0.5420403710801308 0.028650599541411893 0.4257976846925736 0.3417062373766119
0.04455644529978958 0.30919305397971086 0.988251999062191 0.2358035095333022 0.16773091791428313 0.3817215054619614 -0.19744089107639037 0.14687544283025725
-0.18214226755352592 0.3302851733781707 0.2358035095333022 1.894671916501483 0.692112257253086 0.954321035534351 -0.6831473050544803 -0.5597225978866858
0.2744425015510392 0.5420403710801308 0.16773091791428313 0.692112257253086 2.042959669944006 0.8948839785293311 -0.44299653999350624 0.6243620290638816
-0.15190067408411864 0.028650599541411893 0.3817215054619614 0.954321035534351 0.8948839785293311 1.8018759396585389 -0.31975002940202685 0.16358102934937754
0.15784585575860402 0.4257976846925736 -0.19744089107639037 -0.6831473050544803 -0.44299653999350624 -0.31975002940202685 1.6406474222503238 0.03475875460146823
0.1119468256325026 0.3417062373766119 0.14687544283025725 -0.5597225978866858 0.6243620290638816 0.16358102934937754 0.03475875460146823 1.511056677982392

# Matrix 20
0.29615729148567255 0.08209065217750161 -0.08145548519055401 -0.11782014969237747 -0.13093774802691607 -0.05228579007897415 0.04755379844112657 0.0353012081786378
0.08209065217750161 1.0818064563927876 0.3814150706191918 -0.3159309557267704 0.400519930406178 0.32941808427290753 -0.15166579677114936 -0.0467436172802828
-0.08145548519055401 0.3814150706191918 1.1564404290975492 -0.514878674372901 0.031324170312753995 -0.3215999148776992 0.39315849787290996 0.31060517764085227
-0.11782014969237747 -0.3159309557267704 -0.514878674372901 1.5871758240596237 -0.541975936958734 -0.29040000141703526 0.43366773348161397 0.15005337193628407
-0.13093774802691607 0.400519930406178 0.031324170312753995 -0.541975936958734 2.0027590781372613 1.0893896399964198 0.20344953367463528 0.35793173729257766
-0.05228579007897415 0.32941808427290753 -0.3215999148776992 -0.29040000141703526 1.0893896399964198 1.8222888549661982 -0.4025485661720141 0.2366451063966745
0.04755379844112657 -0.15166579677114936 0.39315849787290996 0.43366773348161397 0.20344953367463528 -0.4025485661720141 1.8515833659145775 0.6083960578764641
0.0353012081786378 -0.0467436172802828 0.31060517764085227 0.15005337193628407 0.35793173729257766 0.2366451063966745 0.6083960578764641 2.1861642865785846

# Matrix 21
0.5681389844877582 -0.27725762641814916 -0.11650837132752552 -0.16532660947310254 0.0474500335397654 0.2804173654014339 -0.01972532313120039 -0.030248463081881526
-0.27725762641814916 0.8431182080916383 0.26814920600951203 0.17797806408280514 0.28163499735178477 0.10576829315044155 -0.1325616103254046 0.3442528598310442
-0.11650837132752552 0.26814920600951203 0.757251351146899 -0.08111907295446731 -0.21066950864070838 -0.29847114996118196 -0.2504068336046718 0.12644787598922647
-0.16532660947310254 0.17797806408280514 -0.08111907295446731 1.1050095264947108 0.3964089657000509 0.41496679617094867 0.03637575618372212 0.49170486042032496
0.0474500335397654 0.28163499735178477 -0.21066950864070838 0.3964089657000509 1.7038489943209958 -0.18932462224142504 -0.5967723751157112 0.6396832159267835
0.2804173654014339 0.10576829315044155 -0.29847114996118196 0.41496679617094867 -0.18932462224142504 1.6122548156448346 0.08048767234034922 -0.05196194807471531
-0.01972532313120039 -0.1325616103254046 -0.2504068336046718 0.03637575618372212 -0.5967723751157112 0.08048767234034922 2.008529598261517 0.5102453481761868
-0.030248463081881526 0.3442528598310442 0.12644787598922647 0.49170486042032496 0.6396832159267835 -0.05196194807471531 0.5102453481761868 2.868384821487766

# Matrix 22
1.3877697592284162 -0.3222961302773952 0.4762683940822281 0.5248967643825285 -0.16064398983385714 -0.042138640033978325 0.2769743767651552 -0.412416598864176
-0.3222961302773952 1.2941437578821253 0.4105278772978242 -0.7113389359813184 0.3344439176832508 -0.24558866463731155 0.002014489156109254 0.025648748504306092
0.4762683940822281 0.4105278772978242 1.4880914998607322 -0.5470245389471872 -0.04227966881066735 -0.44667619638018696 0.25345218265596553 -0.438395616085474
0.5248967643825285 -0.7113389359813184 -0.5470245389471872 1.3897997387270895 -0.0031943909494777816 0.5858906132500421 -0.11184710527018414 -0.2189240044253108
-0.16064398983385714 0.3344439176832508 -0.04227966881066735 -0.0031943909494777816 0.7323149225655317 -0.05878795867492338 0.23853646333789938 -0.10533282042040336
-0.042138640033978325 -0.24558866463731155 -0.44667619638018696 0.5858906132500421 -0.05878795867492338 1.391519821992378 0.1270147269271004 0.4764429526491827
0.2769743767651552 0.002014489156109254 0.25345218265596553 -0.11184710527018414 0.23853646333789938 0.1270147269271004 1.219670739152765 0.09166458051540874
-0.412416598864176 0.025648748504306092 -0.438395616085474 -0.2189240044253108 -0.10533282042040336 0.4764429526491827 0.09166458051540874 1.845867239568285

# Matrix 23
1.0136585490536345 -0.20922059438605078 0.24078451348841293 -0.2951869450401512 0.49513996062680354 0.18017589287647023 0.08751950333327654 -0.26431659583076617
-0.20922059438605078 1.7357566829080309 -0.7175629915983113 -0.01904088686929165 -0.5368584802142086 0.6780806348181652 0.4462587399822314 0.8461486083607972
0.24078451348841293 -0.7175629915983113 1.367199968842139 -0.13693979082765398 0.09222193029528918 0.21875408858647824 -0.3411269598380987 -0.8662222916362207
-0.2951869450401512 -0.01904088686929165 -0.13693979082765398 0.88873004124747 -0.2722580096579094 0.20322340368086853 -0.42373923961833376 0.1854734123655495
0.49513996062680354 -0.5368584802142086 0.09222193029528918 -0.2722580096579094 1.0944309855340417 -0.5051474286952524 0.2817972247523836 -0.00818408765212623
0.18017589287647023 0.6780806348181652 0.21875408858647824 0.20322340368086853 -0.5051474286952524 1.9244199313320711 -0.5537555161117272 -0.11228537443138979
0.08751950333327654 0.4462587399822314 -0.3411269598380987 -0.42373923961833376 0.2817972247523836 -0.5537555161117272 1.5652000708374805 0.4677216460133459
-0.26431659583076617 0.8461486083607972 -0.8662222916362207 0.1854734123655495 -0.00818408765212623 -0.11228537443138979 0.4677216460133459 1.759087292999576

# Matrix 24
1.165699354927365 0.32030036828245845 0.30121694089082524 0.5225873544724057 0.4479713229137203 -0.30728580453804016 -0.09926768611169895 -0.5662473454271575
0.32030036828245845 1.012657719494093 -0.05581033957643925 -0.3093713182198274 0.3728723546535081 -0.441799075825607 0.20424984837625734 0.14603129562740952
0.30121694089082524 -0.05581033957643925 1.5842740946894902 -0.5053994350185187 0.34773222956731764 0.0005905259645938031 0.33243583607274624 0.08355074011390827
0.5225873544724057 -0.3093713182198274 -0.5053994350185187 1.848367980684573 0.3036213350771121 0.48599926240296926 -0.10061392617844676 -0.8071554142394002
0.4479713229137203 0.3728723546535081 0.34773222956731764 0.3036213350771121 1.2885772065027359 0.07375534172431476 0.4300086950747684 -0.31155048958395454
-0.30728580453804016 -0.441799075825607 0.0005905259645938031 0.48599926240296926 0.07375534172431476 1.1818342956991597 -0.0923824929538813 -0.38288070930633605
-0.09926768611169895 0.20424984837625734 0.33243583607274624 -0.10061392617844676 0.4300086950747684 -0.0923824929538813 1.1786105785912786 0.4821907602641057
-0.5662473454271575 0.14603129562740952 0.08355074011390827 -0.8071554142394002 -0.31155048958395454 -0.38288070930633605 0.4821907602641057 1.8283903278435032

# Matrix 25
0.5542210568093188 0.06866478234580795 0.18349763523469595 -0.036885490296308825 -0.05397037677140179 -0.25799941406866533 0.07843745845346431 -0.26896587545950423
0.06866478234580795 1.0255393314987105 -0.03215682957312107 -0.5013631695814751 0.08510251555593594 0.38729215475478324 0.29796954279632437 0.08307896498457305
0.18349763523469595 -0.03215682957312107 1.273589384365267 0.1968985430186747 -0.19529993772863938 -0.6102672705510744 0.11590705856140798 0.07043635053232412
-0.036885490296308825 -0.5013631695814751 0.1968985430186747 1.2478106720005366 -0.45086647717274986 0.1546615991808612 0.2237398895850461 -0.4096663809548407
-0.05397037677140179 0.08510251555593594 -0.19529993772863938 -0.45086647717274986 1.3553425346965544 0.3646091850775671 -0.4112974919951691 0.5760216703331091
-0.25799941406866533 0.38729215475478324 -0.6102672705510744 0.1546615991808612 0.3646091850775671 1.636783597203527 -0.06638585266792439 0.27390206118909355
0.07843745845346431 0.29796954279632437 0.11590705856140798 0.2237398895850461 -0.4112974919951691 -0.06638585266792439 1.6643311784557417 -0.14621305676151455
-0.26896587545950423 0.08307896498457305 0.07043635053232412 -0.4096663809548407 0.5760216703331091 0.27390206118909355 -0.14621305676151455 1.7025494560984227

# Matrix 26
0.8106108127046001 0.3463143045377478 -0.3130083190942165 0.26267014133862054 -0.0008243211624268104 -0.0053980373964304 0.056494905184216654 -0.2852016507791978
0.3463143045377478 0.8973926763744904 -0.1215384303021841 0.2643214765812763 0.24281560972516741 -0.2982142655330397 0.1336786982792587 -0.42980811381128564
-0.3130083190942165 -0.1215384303021841 1.0501985552809678 -0.45643566796474605 0.14506898059415624 0.1861752856278646 0.11718658510797667 -0.1972487345099421
0.26267014133862054 0.2643214765812763 -0.45643566796474605 1.2628853237835906 -0.2629981770029941 -0.24304579906572316 -0.3313414109740927 -0.39727829974401296
-0.0008243211624268104 0.24281560972516741 0.14506898059415624 -0.2629981770029941 1.1989129285155091 -0.28505309739015533 0.21122418343876392 0.42750938875463984
-0.0053980373964304 -0.2982142655330397 0.1861752856278646 -0.24304579906572316 -0.28505309739015533 1.5931758396174867 0.596052116932898 -0.23891356063404248
0.056494905184216654 0.1336786982792587 0.11718658510797667 -0.3313414109740927 0.21122418343876392 0.596052116932898 1.3360928887600898 0.2856569118957948
-0.2852016507791978 -0.42980811381128564 -0.1972487345099421 -0.39727829974401296 0.42750938875463984 -0.23891356063404248 0.2856569118957948 2.1767431359709803

# Matrix 27
1.4534718231840598 -0.6878732810709525 -0.709434541607728 0.5559148478634783 0.48631242973903727 0.18734889306685584 0.08699974145532839 0.056921413117884706
-0.6878732810709525 1.0995180260744135 0.17061829542924853 -0.1003478318679353 0.0037693905891868127 0.14554190334640912 -0.10922464820649769 -0.3436806429355484
-0.709434541607728 0.17061829542924853 1.3914158834164998 -0.7447462544544017 -0.020076213291270222 0.29682843730126185 0.12404429100435987 0.2436752715056181
0.5559148478634783 -0.1003478318679353 -0.7447462544544017 1.5033104806158402 0.5095523926177999 0.07452702093035526 -0.17396155956144638 -0.103018728116974
0.48631242973903727 0.0037693905891868127 -0.020076213291270222 0.5095523926177999 1.173282493837121 0.27240555579532594 0.07944850435811787 -0.29231214142890183
0.18734889306685584 0.14554190334640912 0.29682843730126185 0.07452702093035526 0.27240555579532594 1.5201991333559481 0.2862505383661493 -0.190752768194287
0.08699974145532839 -0.10922464820649769 0.12404429100435987 -0.17396155956144638 0.07944850435811787 0.2862505383661493 0.9740017023621351 -0.14739218231913062
0.056921413117884706 -0.3436806429355484 0.2436752715056181 -0.103018728116974 -0.29231214142890183 -0.190752768194287 -0.14739218231913062 1.420404838460832

# Matrix 28
0.2980873874060348 -0.12138611697831729 0.019431574271661884 0.1354968721649911 0.032669769075750824 0.13704083437527723 -0.08937262130798358 -0.036992385922674516
-0.12138611697831729 0.7897547614967867 -0.02120615927596539 -0.4144003683424648 0.3307672249968724 -0.21787299633184168 0.12880862476535604 0.32691778116894515
0.019431574271661884 -0.02120615927596539 0.9530320957907492 -0.3559233560527722 0.357949718807785 -0.26332564533727765 -0.42580034940432715 0.4479857177466895
0.1354968721649911 -0.4144003683424648 -0.3559233560527722 2.0493715986984156 0.29133273907824453 0.7332851643428102 -0.11131581881254883 -0.45731864187214366
0.032669769075750824 0.3307672249968724 0.357949718807785 0.29133273907824453 1.8410811005883159 -0.03563722013964124 0.3162316068305126 0.02746224319022491
0.13704083437527723 -0.21787299633184168 -0.26332564533727765 0.7332851643428102 -0.03563722013964124 1.7070254174717705 -0.21299307648768925 -0.19264116730502046
-0.08937262130798358 0.12880862476535604 -0.42580034940432715 -0.11131581881254883 0.3162316068305126 -0.21299307648768925 1.661674301462371 -0.3490336635374981
-0.036992385922674516 0.32691778116894515 0.4479857177466895 -0.45731864187214366 0.02746224319022491 -0.19264116730502046 -0.3490336635374981 1.7098558964277248

# Matrix 29
0.48867976891344406 -0.2116769108410521 -0.11707397437309669 0.22559486142004084 -0.11438736349775445 -0.07321362314964608 -0.0986766145824168 -0.1834464813127613
-0.2116769108410521 0.8100248172263337 0.1625940754962882 -0.3328743111759232 -0.10204986583899653 0.2963362505875811 0.12830953484667942 0.37852503065058146
-0.11707397437309669 0.1625940754962882 0.9908369780064192 -0.3111314478321446 0.28801475061328147 -0.22643787368287016 -0.2213039336664856 0.22723032345583472
0.22559486142004084 -0.3328743111759232 -0.3111314478321446 1.03225484680489 0.2319387469218249 -0.054080279225333046 0.13843003415141017 -0.3225750678853164
-0.11438736349775445 -0.10204986583899653 0.28801475061328147 0.2319387469218249 1.1272478543572584 -0.35146452403977685 -0.06616592200928895 -0.1421245777010438
-0.07321362314964608 0.2963362505875811 -0.22643787368287016 -0.054080279225333046 -0.35146452403977685 1.7969680144456077 0.3165284884637373 0.16638165296074411
-0.0986766145824168 0.12830953484667942 -0.2213039336664856 0.13843003415141017 -0.06616592200928895 0.3165284884637373 1.891669876775546 0.5811223548456296
-0.1834464813127613 0.37852503065058146 0.22723032345583472 -0.3225750678853164 -0.1421245777010438 0.16638165296074411 0.5811223548456296 2.0383327299327556

# Matrix 30
0.5964989695778112 0.017818401455589942 -0.018496960730033835 0.12069094619575813 -0.1570236187565289 -0.18595709189187276 -0.2160834749734809 0.03209081824874646
0.017818401455589942 0.8963572806074293 -0.38598603191966363 -0.3122405992103869 -0.295208288781755 -0.19905700131079357 0.07604694922076857 -0.022482792757434075
-0.018496960730033835 -0.38598603191966363 1.5394904553290583 -0.41976729260734114 0.7100175700380127 0.22745745717765586 0.5920219111003926 0.38863532805993806
0.12069094619575813 -0.3122405992103869 -0.41976729260734114 1.3813967337903952 -0.11236822324099359 0.08917270406608924 -0.5036978681724897 -0.3081694439752275
-0.1570236187565289 -0.295208288781755 0.7100175700380127 -0.11236822324099359 1.7644661081685495 -0.4252906525983519 0.31225667121452727 -0.42103380171000593
-0.18595709189187276 -0.19905700131079357 0.22745745717765586 0.08917270406608924 -0.4252906525983519 1.3062063437773097 0.5194009394708503 0.679453564916198
-0.2160834749734809 0.07604694922076857 0.5920219111003926 -0.5036978681724897 0.31225667121452727 0.5194009394708503 1.4376242512882085 0.22550391994699942
0.03209081824874646 -0.022482792757434075 0.38863532805993806 -0.3081694439752275 -0.42103380171000593 0.679453564916198 0.22550391994699942 1.8569092490682177

# Matrix 31
0.31988074179597215 0.11477543431930247 -0.006915390394841522 0.03610857940180414 -0.128747496959798 0.12591647308207113 -0.032812067414558915 0.12267874233955725
0.11477543431930247 0.49965307836940515 0.2110048348214972 0.10014521685879597 -0.16009818199860187 0.05136052923120105 -0.17828008291671021 -0.1436158078116252
-0.006915390394841522 0.2110048348214972 0.6881744859226994 -0.24950801692641397 0.17533498227942887 -0.1327941667246354 0.017228909229777906 -0.22797925622661588
0.03610857940180414 0.10014521685879597 -0.24950801692641397 1.0783617222152815 -0.15201424134335645 0.24972173212059653 0.24205281858493202 0.11748765128726119
-0.128747496959798 -0.16009818199860187 0.17533498227942887 -0.15201424134335645 1.0138219663095496 -0.5106858390266786 0.017202275084811217 -0.0029946124243573247
0.12591647308207113 0.05136052923120105 -0.1327941667246354 0.24972173212059653 -0.5106858390266786 1.0579310433204792 -0.030611875786251363 0.3785414374356185
-0.032812067414558915 -0.17828008291671021 0.017228909229777906 0.24205281858493202 0.017202275084811217 -0.030611875786251363 4.283918687140011 1.317287767655299
