# Matrix 1
0.3638836346583222 0.001478428599519708 -0.04003577061468885 0.08805004315830531 -0.0023525015967533905
0.001478428599519708 1.369891030447103 -0.5085199340096166 -0.14132255456027312 0.37057274010418373
-0.04003577061468885 -0.5085199340096166 1.1941817631084428 -0.27544072245068024 -0.5677213023910938
0.08805004315830531 -0.14132255456027312 -0.27544072245068024 1.2859180927242948 -0.3965503157196117
-0.0023525015967533905 0.37057274010418373 -0.5677213023910938 -0.3965503157196117 2.242627792756623

# Matrix 2
0.38796713403329236 0.12640406169607718 -0.1527186932607538 -0.04085685991960595 0.07455580897824678
0.12640406169607718 0.7627050612516184 0.006949108930056881 -0.21548026746606846 -0.15186652864041827
-0.1527186932607538 0.006949108930056881 1.2779537001640502 -0.03692725827371856 0.1804685851651261
-0.04085685991960595 -0.21548026746606846 -0.03692725827371856 1.2385021734439683 0.11259884846672395
0.07455580897824678 -0.15186652864041827 0.1804685851651261 0.11259884846672395 2.6063614884542328

# Matrix 3
0.9114587187217966 0.15337279959397324 -0.10846476601309428 -0.08153608570247808 -0.27643548775428933
0.15337279959397324 0.7491425485017048 0.09504547667525927 0.25808110626612296 0.18091321769792873
-0.10846476601309428 0.09504547667525927 0.7997017530268382 -0.2014723281500464 -0.2566430182898437
-0.08153608570247808 0.25808110626612296 -0.2014723281500464 1.9516775873980123 1.0257972164407183
-0.27643548775428933 0.18091321769792873 -0.2566430182898437 1.0257972164407183 1.7859384197999821

# Matrix 4
0.7144405736590679 0.3308825304770636 -0.23343588253584535 0.04605221962286268 -0.049574549116578596
0.3308825304770636 0.6969976028796427 -0.2569735224257362 0.11036148454125612 0.1483582997550853
-0.23343588253584535 -0.2569735224257362 1.256639070317 0.4381879890264048 -0.04351121999536233
0.04605221962286268 0.11036148454125612 0.4381879890264048 2.207462937461988 0.8899212184201829
-0.049574549116578596 0.1483582997550853 -0.04351121999536233 0.8899212184201829 1.5735450686518127

# Matrix 5
0.7608359551243167 0.19296333948963862 -0.1200411326340277 -0.2034683628453559 0.02107539878717289
0.19296333948963862 1.0387237733049737 0.41039483937871407 0.07690643947140534 -0.08894641591978267
-0.1200411326340277 0.41039483937871407 0.8074449107078174 -0.07691969339989914 0.10687270115250513
-0.2034683628453559 0.07690643947140534 -0.07691969339989914 1.328068741766982 -0.3973120102614658
0.02107539878717289 -0.08894641591978267 0.10687270115250513 -0.3973120102614658 1.9952010719240674

# Matrix 6
0.6593584623211806 0.05712023577514649 -0.21314905385461588 0.03765461453518397 0.30931212590129115
0.05712023577514649 0.678485135055692 -0.34670411796603223 -0.25078177248324046 -0.25348139912458584
-0.21314905385461588 -0.34670411796603223 1.0573716361363805 0.3362712406972167 0.12242439984474858
0.03765461453518397 -0.25078177248324046 0.3362712406972167 1.0135928959360938 -0.020648923832608704
0.30931212590129115 -0.25348139912458584 0.12242439984474858 -0.020648923832608704 3.4831788063043794

# Matrix 7
0.9535808187298729 0.3636543820350774 0.10733556610448462 0.2660294338310283 0.1463812592247695
0.3636543820350774 1.07732547283219 0.30778672963070086 -0.09158054662296373 0.03355838018691138
0.10733556610448462 0.30778672963070086 1.240837722499906 -0.28707099064052155 0.3694410345959184
0.2660294338310283 -0.09158054662296373 -0.28707099064052155 1.2104095540557858 -0.540161921099127
0.1463812592247695 0.03355838018691138 0.3694410345959184 -0.540161921099127 1.3144247212548021

# Matrix 8
0.29405134276659456 0.010342271635756189 0.07515264282760785 0.008795847915181105 0.01486301370703544
0.010342271635756189 0.6801666316199655 -0.16336982031037073 0.270167156716319 -0.10342669936492822
0.07515264282760785 -0.16336982031037073 1.3340417307618146 -0.10494527583524872 0.1474860369351402
0.008795847915181105 0.270167156716319 -0.10494527583524872 1.0841956748771726 -0.0914801263314969
0.01486301370703544 -0.10342669936492822 0.1474860369351402 -0.0914801263314969 4.0543633857127634

# Matrix 9
1.178648643446069 0.25862612192980144 -0.4277925745897892 0.4462021183218841 -0.5813186778990891
0.25862612192980144 0.908951522224661 -0.07642241432133702 0.18093873761837262 0.27600286140193536
-0.4277925745897892 -0.07642241432133702 1.0351191503099548 -0.5943505437142348 0.020311549728918663
0.4462021183218841 0.18093873761837262 -0.5943505437142348 1.4007526329879363 -0.17244119390077242
-0.5813186778990891 0.27600286140193536 0.020311549728918663 -0.17244119390077242 1.6521717671639673

# Matrix 10
0.5586306728854322 0.2038580163881077 0.031069467592295036 0.012134334828467984 -0.23722841781262316
0.2038580163881077 1.1010982516953216 -0.35013261913853194 -0.2769640989775288 -0.27365166508870864
0.031069467592295036 -0.35013261913853194 0.9772584252651352 -0.18525825919544553 0.31126452993114295
0.012134334828467984 -0.2769640989775288 -0.18525825919544553 1.3356674344382096 -0.14804573641942714
-0.23722841781262316 -0.27365166508870864 0.31126452993114295 -0.14804573641942714 1.9916086833318876

# Matrix 11
0.4132825888791266 -0.14759490742083198 0.1394697567726782 -0.15883460117350456 0.07830494015417155
-0.14759490742083198 0.9035904818927794 -0.21904099210000053 0.46825308178451236 -0.1844855173085066
0.1394697567726782 -0.21904099210000053 1.295789825013385 -0.057065914223848886 -0.33916900140851325
-0.15883460117350456 0.46825308178451236 -0.057065914223848886 1.5090036471756276 -0.30745424426098744
0.07830494015417155 -0.1844855173085066 -0.33916900140851325 -0.30745424426098744 2.0796137232974305

# Matrix 12
0.13148632750437386 -0.011286886942949874 0.014194251290984361 0.0025026970656111484 -0.00930097255928612
-0.011286886942949874 1.0826599063017843 0.39989596589465926 -0.31799292636481535 0.38164618581948084
0.014194251290984361 0.39989596589465926 2.1803813433003834 0.21058155518069982 0.372915188339232
0.0025026970656111484 -0.31799292636481535 0.21058155518069982 1.8332150784695547 -0.324351386603198
-0.00930097255928612 0.38164618581948084 0.372915188339232 -0.324351386603198 2.2516945342207126

# Matrix 13
0.957207091433658 -0.1953308270006717 -0.28822865263526776 -0.38914316417013256 -0.12522056687060312
-0.1953308270006717 1.007290032938636 0.31808584123257944 -0.3027980914558074 -0.4244583088185268
-0.28822865263526776 0.31808584123257944 1.0042476703698755 0.3946059348994629 0.03683318057319125
-0.38914316417013256 -0.3027980914558074 0.3946059348994629 1.8821635128688239 0.917091482434517
-0.12522056687060312 -0.4244583088185268 0.03683318057319125 0.917091482434517 1.437655757736057

# Matrix 14
0.3409508064431979 -0.15362411637092366 -0.11026539876738597 0.040350404646021805 -0.024259152889767092
-0.15362411637092366 0.5471666411178794 0.25497432775594725 0.003621532509059077 0.10866095643752832
-0.11026539876738597 0.25497432775594725 1.2686177601882838 0.5365801914485175 -0.01908880317159986
0.040350404646021805 0.003621532509059077 0.5365801914485175 1.8293458252695698 0.21833039762762743
-0.024259152889767092 0.10866095643752832 -0.01908880317159986 0.21833039762762743 3.4828478893129997

# Matrix 15
0.4669832222136252 0.13893549683756662 -0.10881480379009123 0.19978592739070078 -0.1736090278174692
0.13893549683756662 0.9178378225775161 -0.14550795566632788 0.20093714346620326 0.023975056440850327
-0.10881480379009123 -0.14550795566632788 0.9371300445226002 0.2796741227562039 0.16608695822639222
0.19978592739070078 0.20093714346620326 0.2796741227562039 1.5381969119201102 0.34628356512360164
-0.1736090278174692 0.023975056440850327 0.16608695822639222 0.34628356512360164 2.2879564146581375

# Matrix 16
0.31877324086776176 -0.03922396919215183 0.08529650409096223 -0.155379071462385 -0.15003809933180848
-0.03922396919215183 1.5266846043265911 -0.6298686306617827 -0.4296248642332738 -0.18806819061502447
0.08529650409096223 -0.6298686306617827 1.2295224459648895 -0.3280149684733334 -0.03608959535018802
-0.155379071462385 -0.4296248642332738 -0.3280149684733334 1.6673932669848934 0.3771599060402741
-0.15003809933180848 -0.18806819061502447 -0.03608959535018802 0.3771599060402741 1.896320788899032

# Matrix 17
0.412973026655949 0.04767004137195959 -0.06526544637968668 -0.17510979116658912 0.008619086632601542
0.04767004137195959 0.49229826225819606 0.03150115323155539 0.03836354002111372 0.12356231036300125
-0.06526544637968668 0.03150115323155539 1.4649147348529103 -0.11562630475158922 -0.37288011770584684
-0.17510979116658912 0.03836354002111372 -0.11562630475158922 1.444979690701538 0.3428995317534738
0.008619086632601542 0.12356231036300125 -0.37288011770584684 0.3428995317534738 2.7360835458832

# Matrix 18
1.1800127462682195 -0.38390089930942883 0.1790460797032692 0.5683626402945334 -0.08857575809463951
-0.38390089930942883 0.9269391083314678 0.04076977374526864 -0.38170280346173135 -0.3315972154492107
0.1790460797032692 0.04076977374526864 1.0836025239498497 -0.1911263165557363 -0.29161082507555314
0.5683626402945334 -0.38170280346173135 -0.1911263165557363 1.252761552216186 -0.3160127572098849
-0.08857575809463951 -0.3315972154492107 -0.29161082507555314 -0.3160127572098849 1.5861723654221858

# Matrix 19
1.212775174024913 0.2646457534639831 0.483635836348956 0.05848749070815232 -0.1265900949364082
0.2646457534639831 0.9883022681392336 0.5551685880918581 -0.07218400741884409 0.14422552814211564
0.483635836348956 0.5551685880918581 1.450911505840492 -0.003639425198708344 -0.11411861082611227
0.05848749070815232 -0.07218400741884409 -0.003639425198708344 1.081523792494192 -0.19900759220791092
-0.1265900949364082 0.14422552814211564 -0.11411861082611227 -0.19900759220791092 0.8894020161907887

# Matrix 20
0.3646239875106885 0.1423022514241318 0.14778540295431783 0.06877625978305861 0.09751816482226834
0.1423022514241318 0.6230564617508465 0.16572558573679183 -0.195284380183865 -0.21945670732816616
0.14778540295431783 0.16572558573679183 1.305273006535186 -0.12103103702493379 -0.20431653821748405
0.06877625978305861 -0.195284380183865 -0.12103103702493379 2.105124489086913 0.9707317319598224
0.09751816482226834 -0.21945670732816616 -0.20431653821748405 0.9707317319598224 2.4996910482230055

# Matrix 21
1.080562018539896 0.5150011952010148 -0.2015144575887181 -0.19855846686335213 0.3614489528276741
0.5150011952010148 0.832400438658469 0.031224978534422597 -0.20158779606626248 -0.052865133291785375
-0.2015144575887181 0.031224978534422597 1.3686785642799415 0.5347457628870037 -0.3870960126142849
-0.19855846686335213 -0.20158779606626248 0.5347457628870037 1.0942842622150761 -0.23201649045140035
0.3614489528276741 -0.052865133291785375 -0.3870960126142849 -0.23201649045140035 1.7322918755288526

# Matrix 22
0.38043724167025694 -0.1262566626167238 0.12302283888146819 0.11454691957765939 0.09131667198530863
-0.1262566626167238 0.8984672184950032 -0.32994751673796807 -0.04590357891276889 -0.3780498184289494
0.12302283888146819 -0.32994751673796807 1.3414056171376876 0.045770899941240284 0.43102704711721895
0.11454691957765939 -0.04590357891276889 0.045770899941240284 1.5992550785240032 -0.6354861895241464
0.09131667198530863 -0.3780498184289494 0.43102704711721895 -0.6354861895241464 2.143905962348966

# Matrix 23
0.7228777714015326 0.2878768813372159 -0.1388212651155068 0.19982738097385633 -0.0606619761517241
0.2878768813372159 0.7691503943455534 0.14406527491550677 0.21105784770843408 0.13864490390939485
-0.1388212651155068 0.14406527491550677 1.0377996624211887 0.27416644046020205 0.47440014274229375
0.19982738097385633 0.21105784770843408 0.27416644046020205 1.4028839365807086 -0.36907748194708595
-0.0606619761517241 0.13864490390939485 0.47440014274229375 -0.36907748194708595 2.2180462592653334

# Matrix 24
1.0865103040908939 -0.38481191854314467 -0.38257063603527747 -0.5304763227814965 -0.04936764581379871
-0.38481191854314467 1.127301930011089 0.596287625973924 0.24377721540085656 -0.035323668030822944
-0.38257063603527747 0.596287625973924 1.3037377043912248 0.32941586757599073 0.42879304624296655
-0.5304763227814965 0.24377721540085656 0.32941586757599073 1.196432869459459 0.46051251286240213
-0.04936764581379871 -0.035323668030822944 0.42879304624296655 0.46051251286240213 1.4234414897735697

# Matrix 25
0.32320271886407653 0.10794436364410599 -0.09375602839593127 0.16130445690600215 -0.08475676902598664
0.10794436364410599 0.6737213560131208 0.06216136373388924 -0.2617256271659864 0.27934731492268483
-0.09375602839593127 0.06216136373388924 1.6875227971356097 -0.5846242972412257 -0.7396684490120974
0.16130445690600215 -0.2617256271659864 -0.5846242972412257 1.9806872006863707 0.7810636281384639
-0.08475676902598664 0.27934731492268483 -0.7396684490120974 0.7810636281384639 2.7506619625346644

# Matrix 26
0.7474569661328389 -0.196450674776789 0.1605134817862633 0.04182210068898018 0.20017078571296765
-0.196450674776789 0.5743200257735555 -0.07115012979435133 -0.12408401292038708 0.15761132265710862
0.1605134817862633 -0.07115012979435133 1.796366116957275 0.5914025449136857 0.04630582501538605
0.04182210068898018 -0.12408401292038708 0.5914025449136857 1.4113666106580138 -0.49027277459740054
0.20017078571296765 0.15761132265710862 0.04630582501538605 -0.49027277459740054 1.5316967268701758

# Matrix 27
0.65884441563394 -0.10507371057273864 0.30172138782800295 -0.20677289901113582 -0.0768293803230901
-0.10507371057273864 1.16758914025708 0.030066989650843 0.36002009576864263 -0.21592745657218756
0.30172138782800295 0.030066989650843 1.2211952982395227 0.182778706668207 0.33550503006072896
-0.20677289901113582 0.36002009576864263 0.182778706668207 1.2766281055418487 -0.35274738650319976
-0.0768293803230901 -0.21592745657218756 0.33550503006072896 -0.35274738650319976 1.5027399176369696

# Matrix 28
0.8569755920500288 0.30640611802894047 -0.42631357019711735 0.17954691882534432 0.09255636217877522
0.30640611802894047 1.221078993196833 -0.6273690429814535 0.14668175122995322 -0.20189065909808226
-0.42631357019711735 -0.6273690429814535 1.1788387659903028 0.15382774804594285 -0.1732120487872464
0.17954691882534432 0.14668175122995322 0.15382774804594285 1.2628832677764668 -0.02309075699269732
0.09255636217877522 -0.20189065909808226 -0.1732120487872464 -0.02309075699269732 1.3601813411830677

# Matrix 29
0.5400309078535582 0.14997075053159234 0.18476748019741274 -0.012577776985433128 -0.011294114603886761
0.14997075053159234 0.6243447980645256 0.1427180140689024 0.1864987977542877 -0.2617888063897449
0.18476748019741274 0.1427180140689024 0.6594402352843631 0.23655473344901867 0.09549943470146598
-0.012577776985433128 0.1864987977542877 0.23655473344901867 1.9667360015138053 0.5047100988956357
-0.011294114603886761 -0.2617888063897449 0.09549943470146598 0.5047100988956357 3.294775862262353

# Matrix 30
0.6313005126725242 -0.1865318777668927 -0.19945365764838738 0.16143823827220702 -0.22590869672564992
-0.1865318777668927 0.8593690432857507 -0.02943844118151586 -0.12866541701015308 -0.26624983227792975
-0.19945365764838738 -0.02943844118151586 0.694915684570345 -0.2757367285207372 0.19905133427406632
0.16143823827220702 -0.12866541701015308 -0.2757367285207372 1.8430554017941227 -0.8484921463228943
-0.22590869672564992 -0.26624983227792975 0.19905133427406632 -0.8484921463228943 2.4535887820525923

# Matrix 31
1.3826011390631083 0.3471454748882299 0.37974970706333633 0.3747823173407302 0.5239429082892123
0.3471454748882299 1.202887139221791 0.48809275986598244 0.3093524867071993 0.40714580363807895
0.37974970706333633 0.48809275986598244 0.9737940662266711 0.47492660872319115 0.3297297536619138
0.3747823173407302 0.3093524867071993 0.47492660872319115 1.268654520343868 0.157207496350789
0.5239429082892123 0.40714580363807895 0.3297297536619138 0.157207496350789 1.1644792298311057

# Matrix 32
0.2721811348967019 -0.06653675585399331 0.0664973549969086 0.08738746845801168 -0.12159129485365722
-0.06653675585399331 1.6363786389120103 0.6978436409608371 -0.7991393897712887 0.07626224187879364
0.0664973549969086 0.6978436409608371 1.3804918495262692 -0.4954070182045653 -0.41673729495195294
0.08738746845801168 -0.7991393897712887 -0.4954070182045653 1.6875531407135165 -0.15103758421298644
-0.12159129485365722 0.07626224187879364 -0.41673729495195294 -0.15103758421298644 1.9522165633333082

# Matrix 33
0.5298194898590333 0.19642300279433328 -0.08947693602192375 -0.03809732450232401 -0.2573050214574273
0.19642300279433328 0.9664819431118217 0.09054776490382467 -0.3497231928970738 -0.12379600143357312
-0.08947693602192375 0.09054776490382467 0.913774012032978 0.059484655025191076 -0.19371878323755914
-0.03809732450232401 -0.3497231928970738 0.059484655025191076 1.4155840370574289 0.6014615189796395
-0.2573050214574273 -0.12379600143357312 -0.19371878323755914 0.6014615189796395 2.3467436907838217

# Matrix 34
0.7458531011852901 0.03989833934640898 0.09391636592327773 0.20823923037780007 -0.09964993057367702
0.03989833934640898 0.6946180103693433 -0.12865216020497983 -0.0581626053529325 0.009492447631892038
0.09391636592327773 -0.12865216020497983 1.2842547723060616 0.2781532193826318 -0.55117725387105
0.20823923037780007 -0.0581626053529325 0.2781532193826318 1.4425786892276224 -0.33173578286812333
-0.09964993057367702 0.009492447631892038 -0.55117725387105 -0.33173578286812333 1.440020552106523

# Matrix 35
0.8424675813576558 -0.005419955161967992 0.39642143599452234 -0.37421620163967095 0.05506856517699783
-0.005419955161967992 1.4303854249150723 -0.5241135972669411 0.2842994800686327 0.010203675420374557
0.39642143599452234 -0.5241135972669411 1.4105728415052188 0.1514422251964138 -0.2069962644260385
-0.37421620163967095 0.2842994800686327 0.1514422251964138 1.2499115141760133 0.30204227583788035
0.05506856517699783 0.010203675420374557 -0.2069962644260385 0.30204227583788035 1.2073819725105954

# Matrix 36
0.9354434404658173 0.45182803836221364 0.4033627660011255 -0.046846055916594666 0.15498695763921755
0.45182803836221364 1.35812974375606 0.7590124878675132 0.32282044516579167 0.6074109311729301
0.4033627660011255 0.7590124878675132 1.0911497682517592 0.44233642332203693 0.33092313487697356
-0.046846055916594666 0.32282044516579167 0.44233642332203693 1.18204212787832 0.4456235401053075
0.15498695763921755 0.6074109311729301 0.33092313487697356 0.4456235401053075 1.9257530611220954

# Matrix 37
0.6786099669162977 0.29236630442759926 -0.3262979370362255 -0.25619081045519926 0.0943034118827582
0.29236630442759926 0.8240213127000481 -0.10971072273568584 -0.3254649653961751 -0.23907018885273423
-0.3262979370362255 -0.10971072273568584 1.2199358411555616 0.3528516482303748 0.1705399660414525
-0.25619081045519926 -0.3254649653961751 0.3528516482303748 1.7742867633731374 0.6662491147558445
0.0943034118827582 -0.23907018885273423 0.1705399660414525 0.6662491147558445 1.6553796441864521

# Matrix 38
1.0195247198767619 0.22374812323397417 -0.15441043658145484 0.14476842966486367 0.3957804083464593
0.22374812323397417 0.9993665541801551 -0.11344957110910524 -0.025582295624077753 -0.05630939999079138
-0.15441043658145484 -0.11344957110910524 1.3041748358226644 -0.39382636721066183 -0.39285396595584554
0.14476842966486367 -0.025582295624077753 -0.39382636721066183 1.0372178686685822 0.22332797362670148
0.3957804083464593 -0.05630939999079138 -0.39285396595584554 0.22332797362670148 1.1704205760006243

# Matrix 39
0.39532626636318796 0.07164077280043962 -0.11817440864240399 -0.1803120468231772 0.052855256919300764
0.07164077280043962 0.5145847589665248 0.10590734717342218 -0.030880286384845513 -0.08070909003419822
-0.11817440864240399 0.10590734717342218 0.9442401932650706 -0.02215118394043241 0.36395835864792686
-0.1803120468231772 -0.030880286384845513 -0.02215118394043241 1.551267168527592 0.3468750757529268
0.052855256919300764 -0.08070909003419822 0.36395835864792686 0.3468750757529268 4.255287124567722

# Matrix 40
0.22551969736716018 -0.06716884433219979 0.06226018532205163 -0.007408489842147223 0.012036825184483691
-0.06716884433219979 0.6925540449350769 -0.22375876465623298 -0.25663972580138306 0.0430157270370622
0.06226018532205163 -0.22375876465623298 1.1576786546472024 -0.2929936344138568 -0.35779240635199
-0.007408489842147223 -0.25663972580138306 -0.2929936344138568 2.7662747326876125 0.694654180471431
0.012036825184483691 0.0430157270370622 -0.35779240635199 0.694654180471431 2.6631377870689708

# Matrix 41
0.8738578012387628 0.057301985586863655 0.035531890399771573 -0.3719773514020052 0.35031626614325106
0.057301985586863655 0.8677419766783002 -0.01244908546465525 0.30874024032934855 -0.014349271733202672
0.035531890399771573 -0.01244908546465525 0.98598558695434 0.27685917320275844 -0.047182783723539845
-0.3719773514020052 0.30874024032934855 0.27685917320275844 1.2248947657412392 -0.2863866716352605
0.35031626614325106 -0.014349271733202672 -0.047182783723539845 -0.2863866716352605 1.7454456750856735

# Matrix 42
0.6534246474853459 0.2837303698708035 0.2040477375337924 0.08833310094850862 -0.01841713978494504
0.2837303698708035 0.6345259316806005 -0.05455372923355827 0.09947539035676238 0.2240264452372309
0.2040477375337924 -0.05455372923355827 0.904580118268578 -0.1205690069972361 -0.07287134435493918
0.08833310094850862 0.09947539035676238 -0.1205690069972361 1.6188357583116708 -0.26055404332023935
-0.01841713978494504 0.2240264452372309 -0.07287134435493918 -0.26055404332023935 2.52605070260454

# Matrix 43
0.6468331048750837 -0.06213142539114891 0.2264585965483023 -0.2747354810941299 0.09328789938706225
-0.06213142539114891 0.9874368321656474 -0.3471430110884711 0.3936065212646061 -0.2695122802917618
0.2264585965483023 -0.3471430110884711 0.9931550001508864 -0.2841250044168069 -0.05648279582074543
-0.2747354810941299 0.3936065212646061 -0.2841250044168069 1.7582188639416925 -0.3151010437476841
0.09328789938706225 -0.2695122802917618 -0.05648279582074543 -0.3151010437476841 1.449575704921926

# Matrix 44
0.6729608290276173 -0.14594154784847735 -0.11848568893255233 0.024415721159874258 -0.15447574614689136
-0.14594154784847735 0.9779248889082732 0.1589850113501155 0.15919944644904505 0.39288998573267736
-0.11848568893255233 0.1589850113501155 1.004798490906572 -0.4493461810640727 0.07794435925000937
0.024415721159874258 0.15919944644904505 -0.4493461810640727 1.2178658354240284 0.1425461271101932
-0.15447574614689136 0.39288998573267736 0.07794435925000937 0.1425461271101932 1.8722164364415028

# Matrix 45
0.23957170196745917 -0.004541005780606243 -0.026026744095510902 0.014459515218829225 -0.07251033225963337
-0.004541005780606243 1.4344543311765081 0.6462432259534643 0.057763732863320774 -0.32195929353081076
-0.026026744095510902 0.6462432259534643 1.0800949045720778 0.3148819458976753 0.1373356380055734
0.014459515218829225 0.057763732863320774 0.3148819458976753 1.9431676937064633 0.8557396622759902
-0.07251033225963337 -0.32195929353081076 0.1373356380055734 0.8557396622759902 2.534577341238278

# Matrix 46
0.6535268592312441 0.22706024683769258 0.14962292762138765 0.2106820103572925 0.1894602531611169
0.22706024683769258 0.9255567098209107 0.38782369956545054 0.27568272731966625 0.24767758816008903
0.14962292762138765 0.38782369956545054 1.6217063059955272 -0.29253150130618333 0.43454502166890574
0.2106820103572925 0.27568272731966625 -0.29253150130618333 1.2911786611294125 -0.3707461555605247
0.1894602531611169 0.24767758816008903 0.43454502166890574 -0.3707461555605247 1.4835632755164572

# Matrix 47
0.6494255373408936 0.22543876040139077 0.1851047787158433 -0.009867137192703785 -0.06353725286468365
0.22543876040139077 1.0634101649550802 0.10605398655637091 -0.3054268291650147 0.03338362884945871
0.1851047787158433 0.10605398655637091 1.1510322896560687 -0.4956721270986563 0.4508898074470905
-0.009867137192703785 -0.3054268291650147 -0.4956721270986563 1.6189624543541166 -0.742011239288571
-0.06353725286468365 0.03338362884945871 0.4508898074470905 -0.742011239288571 1.497854304406665

# Matrix 48
0.3186150604435199 -0.05194189492334391 -0.024834888878479202 -0.08580491533936963 0.04861399787603845
-0.05194189492334391 0.7960002061666992 -0.3125065244960575 -0.10352848641898037 0.04027161173884871
-0.024834888878479202 -0.3125065244960575 1.3384702381008073 0.35442659618313405 -0.22153277310835726
-0.08580491533936963 -0.10352848641898037 0.35442659618313405 1.2399844099563755 0.4859963016751105
0.04861399787603845 0.04027161173884871 -0.22153277310835726 0.4859963016751105 3.2476386641731194

# Matrix 49
0.5931207234728084 0.24751634909226547 0.21432167437768637 -0.054894079793187465 -0.04755061361196814
0.24751634909226547 1.196611964161154 -0.4013126906172692 -0.19926629315026523 0.06030456624156476
0.21432167437768637 -0.4013126906172692 1.1270122344362499 -0.3441484723030483 -0.02243087661436605
-0.054894079793187465 -0.19926629315026523 -0.3441484723030483 1.7386013098343909 -0.4711946865612704
-0.04755061361196814 0.06030456624156476 -0.02243087661436605 -0.4711946865612704 1.376166369359447

# Matrix 50
0.9746881962191664 -0.20540577764633372 0.2468117259066095 -0.3821156039519354 -0.11468755609610186
-0.20540577764633372 0.8903830394034602 0.02892259035228022 0.27950502721152665 0.4410968415930237
0.2468117259066095 0.02892259035228022 0.7089994015572298 -0.2761140909081894 -0.09778594168508455
-0.3821156039519354 0.27950502721152665 -0.2761140909081894 1.2590354222187847 0.15538481193635623
-0.11468755609610186 0.4410968415930237 -0.09778594168508455 0.15538481193635623 2.1320060644952994

# Matrix 51
0.84211529753177 -0.14113512542374534 -0.08864851523445025 0.10769927534367932 -0.08013453465088795
-0.14113512542374534 1.129605047123429 0.407944171178858 0.04524567257685367 0.10262922131713974
-0.08864851523445025 0.407944171178858 1.3280199635854117 -0.18009969440523194 0.5204871522065762
0.10769927534367932 0.04524567257685367 -0.18009969440523194 0.9966435874290649 0.3032375171708474
-0.08013453465088795 0.10262922131713974 0.5204871522065762 0.3032375171708474 1.3283680139824665

# Matrix 52
0.7878271841216524 -0.20540429434311314 -0.2681980212690058 0.018929823926029626 -0.10260280579729027
-0.20540429434311314 0.8436290079568597 -0.2364408731928888 -0.08724266674269437 -0.05179613643566445
-0.2681980212690058 -0.2364408731928888 1.118959078880739 -0.3854491686894545 0.27044709313950804
0.018929823926029626 -0.08724266674269437 -0.3854491686894545 1.9658843519325606 -0.8598426221563202
-0.10260280579729027 -0.05179613643566445 0.27044709313950804 -0.8598426221563202 1.4027777209621797

# Matrix 53
0.9354698913078873 -0.3813600598176217 0.2465561205603196 -0.23350208355153668 0.27823935625215945
-0.3813600598176217 0.7172473547224743 -0.35378398924463633 0.2521326877556421 -0.04604416105283278
0.2465561205603196 -0.35378398924463633 1.1274274669974462 -0.05429710412931738 -0.3133566561227927
-0.23350208355153668 0.2521326877556421 -0.05429710412931738 1.9406022905338378 0.70524715027444
0.27823935625215945 -0.04604416105283278 -0.3133566561227927 0.70524715027444 1.6565494500078342

# Matrix 54
0.8201210087655739 0.344621910372892 -0.07991193868257573 -0.06700321572911117 0.1149421580879148
0.344621910372892 1.2491135738670145 0.2665409250510009 0.34177217142044375 0.2744397527071891
-0.07991193868257573 0.2665409250510009 0.8696364404565715 0.43376225251740214 0.1561402125024189
-0.06700321572911117 0.34177217142044375 0.43376225251740214 0.9899388739181403 0.4074817528642453
0.1149421580879148 0.2744397527071891 0.1561402125024189 0.4074817528642453 2.1536715394942396

# Matrix 55
0.5472095081423087 0.12809292682831683 -0.05580992807086229 0.11605839543075414 -0.21006741129622084
0.12809292682831683 1.1106735554949452 -0.09741848997282264 -0.024961640202948623 -0.03499851858624317
-0.05580992807086229 -0.09741848997282264 1.19784554559256 -0.021484575734189305 -0.30495533100837335
0.11605839543075414 -0.024961640202948623 -0.021484575734189305 0.9268772265663426 0.2834223817157311
-0.21006741129622084 -0.03499851858624317 -0.30495533100837335 0.2834223817157311 1.8729409633050933

# Matrix 56
0.6410711111732695 -0.06238484276446913 0.2332230612341202 -0.30597766645260216 0.015746905056088653
-0.06238484276446913 0.5569697018394267 -0.11217718542752592 0.14613847362925605 -0.22951961862196418
0.2332230612341202 -0.11217718542752592 1.15586573194004 -0.1436767354823175 0.5275942222745096
-0.30597766645260216 0.14613847362925605 -0.1436767354823175 0.9986804303724347 0.21883606428927202
0.015746905056088653 -0.22951961862196418 0.5275942222745096 0.21883606428927202 3.649722473188853

# Matrix 57
0.5712723573607684 -0.04350241080592518 -0.21233831497242595 -0.01056771625053845 -0.1322993890830023
-0.04350241080592518 0.9693656974444437 -0.1801250998862949 -0.23738526856126366 -0.2403131586527165
-0.21233831497242595 -0.1801250998862949 1.7926798182601655 -0.5870288947082567 0.5704270067758134
-0.01056771625053845 -0.23738526856126366 -0.5870288947082567 1.3460038335423643 0.13031496516525426
-0.1322993890830023 -0.2403131586527165 0.5704270067758134 0.13031496516525426 1.323664916894215

# Matrix 58
0.776162565128333 0.0237881068945475 0.37650685609844375 0.09438092413652432 -0.25276086990492314
0.0237881068945475 0.675179263904657 0.05243424683275489 -0.024302422572941254 -0.10904591371259911
0.37650685609844375 0.05243424683275489 1.204403117776277 -0.09126340758275849 0.3049102448763121
0.09438092413652432 -0.024302422572941254 -0.09126340758275849 1.434102287119751 0.5270014972413262
-0.25276086990492314 -0.10904591371259911 0.3049102448763121 0.5270014972413262 1.8835346750342967

# Matrix 59
0.5895018610626624 -0.15352305512699785 0.01022345664553142 0.2589227154180514 -0.0782083316572027
-0.15352305512699785 0.9205109216928077 0.27342622278292533 -0.2941004291574632 -0.03265604919336868
0.01022345664553142 0.27342622278292533 0.7048381818355607 -0.2195152548005921 0.038665336635277714
0.2589227154180514 -0.2941004291574632 -0.2195152548005921 1.5513782563742047 -0.08506992421807152
-0.0782083316572027 -0.03265604919336868 0.038665336635277714 -0.08506992421807152 2.344125682210711

# Matrix 60
0.31751371456188515 0.0633285690731303 0.07562206662181195 0.12296357565201983 -0.04294394258474826
0.0633285690731303 0.8361354660103375 -0.15325271154140557 0.38319627166712233 -0.09745525515178269
0.07562206662181195 -0.15325271154140557 1.3155791528633145 0.2498737738771995 -0.32605373181004693
0.12296357565201983 0.38319627166712233 0.2498737738771995 1.5169285149212839 0.09589511262288478
-0.04294394258474826 -0.09745525515178269 -0.32605373181004693 0.09589511262288478 2.5782942343492263

# Matrix 61
0.6091717221285866 0.2102020898102324 0.17417663534650457 -0.2571218146796276 -0.15028165807983754
0.2102020898102324 1.11905017836538 -0.2639026822178183 -0.215050087883084 -0.10504964920485597
0.17417663534650457 -0.2639026822178183 1.1618431611714553 0.29036790629496134 0.05757795742845339
-0.2571218146796276 -0.215050087883084 0.29036790629496134 1.0933080790367478 0.18406443624390129
-0.15028165807983754 -0.10504964920485597 0.05757795742845339 0.18406443624390129 1.8473780142747238

# Matrix 62
0.3646157444747475 -0.16987305902936056 0.07806359582443398 -0.11239926985070169 0.035449529402767285
-0.16987305902936056 1.3521225416931284 0.12533745893453585 -0.11144959628526883 0.3089624051592807
0.07806359582443398 0.12533745893453585 1.6213656401383278 0.3959634628957887 -0.7009407331659646
-0.11239926985070169 -0.11144959628526883 0.3959634628957887 1.4718862617951625 0.0003933740466671667
0.035449529402767285 0.3089624051592807 -0.7009407331659646 0.0003933740466671667 1.5461358563822667

# Matrix 63
0.6138620681499302 -0.1278864553371041 0.09106092474302717 -0.13074694709242063 -0.03857850782475275
-0.1278864553371041 0.8485343907454942 -0.0582532322144438 0.08427407482227325 -0.002430149239634366
0.09106092474302717 -0.0582532322144438 1.7691115200023255 -0.7489625461073417 0.6506343325023194
-0.13074694709242063 0.08427407482227325 -0.7489625461073417 1.4518456101196493 -0.25900440695980026
-0.03857850782475275 -0.002430149239634366 0.6506343325023194 -0.25900440695980026 1.2580471223431293

# Matrix 64
0.45935679293253334 -0.03709618147104665 -0.1969836739370167 0.08259609034561656 -0.1683096907714855
-0.03709618147104665 1.201542834720835 0.48902805786504383 -0.4753953163224303 -0.46874506806553706
-0.1969836739370167 0.48902805786504383 1.3466458978589775 0.13902043077513093 -0.2552206111943381
0.08259609034561656 -0.4753953163224303 0.13902043077513093 1.4897846269240205 -0.3148206060342125
-0.1683096907714855 -0.46874506806553706 -0.2552206111943381 -0.3148206060342125 1.8709054158860716

# Matrix 65
0.6770876573104148 -0.25083199687175656 0.1999899641945063 0.19907573783179033 0.1374074406755285
-0.25083199687175656 1.0374561430843696 0.21666886695935358 0.1966471244893721 -0.4303064086915448
0.1999899641945063 0.21666886695935358 0.836405137986358 0.41975447668168747 0.21696971718869268
0.19907573783179033 0.1966471244893721 0.41975447668168747 1.5296256449264862 0.6035563361894728
0.1374074406755285 -0.4303064086915448 0.21696971718869268 0.6035563361894728 2.3180699796094837

# Matrix 66
0.5008105665072208 -0.14532779990847372 -0.1364754303874786 -0.07043820214837174 0.2203443728037368
-0.14532779990847372 1.1694788868393091 -0.09101975089419383 0.2490508612181583 -0.48071987230293994
-0.1364754303874786 -0.09101975089419383 1.1896209505825424 -0.10147390601255532 -0.3327255747487356
-0.07043820214837174 0.2490508612181583 -0.10147390601255532 1.0260982273694434 -0.04462887080989545
0.2203443728037368 -0.48071987230293994 -0.3327255747487356 -0.04462887080989545 1.9625688473636673

# Matrix 67
0.5219792931282491 -0.23199235613490315 -0.14602246832322824 -0.1415936626635502 0.12528489059139478
-0.23199235613490315 0.7346675613182831 0.21796648963066254 0.12630513032113577 -0.09576097431622412
-0.14602246832322824 0.21796648963066254 0.8414751531374459 0.412001949637497 0.04584943828541137
-0.1415936626635502 0.12630513032113577 0.412001949637497 1.6704538902664694 0.28248445881722967
0.12528489059139478 -0.09576097431622412 0.04584943828541137 0.28248445881722967 2.8199202077176913

# Matrix 68
0.5110858874716463 0.13434541809781247 0.12934652563585336 -0.050654849412755096 0.22984363787290296
0.13434541809781247 0.6995796176755874 -0.0631712301834943 -0.24227254083503183 0.1704111964424598
0.12934652563585336 -0.0631712301834943 0.8252968669290842 -0.05601629215243172 0.37988149723356424
-0.050654849412755096 -0.24227254083503183 -0.05601629215243172 1.3936766666120044 -0.08028349279592657
0.22984363787290296 0.1704111964424598 0.37988149723356424 -0.08028349279592657 3.1744858291797144

# Matrix 69
0.45313298744686165 0.08018119140882228 0.19165100913766528 -0.03803743814772799 -0.08882628950278469
0.08018119140882228 0.64578351144568 -0.22774381279435565 0.07272587496803323 0.07582078740865252
0.19165100913766528 -0.22774381279435565 1.0483261673261355 0.2539902907261682 0.3278848335345753
-0.03803743814772799 0.07272587496803323 0.2539902907261682 1.7417222900634906 -0.33851559833665285
-0.08882628950278469 0.07582078740865252 0.3278848335345753 -0.33851559833665285 2.8828902729420065

# Matrix 70
0.8718091773395402 0.01041084238101839 -0.005265478745673663 0.35671047524527566 -0.04330180711336333
0.01041084238101839 0.8671914071636146 0.0059631582501567275 0.311534658662361 0.27423246482103136
-0.005265478745673663 0.0059631582501567275 0.9045885832308181 -0.18657725168522515 0.16674763921090133
0.35671047524527566 0.311534658662361 -0.18657725168522515 1.4522363631185369 0.0025762614417243045
-0.04330180711336333 0.27423246482103136 0.16674763921090133 0.0025762614417243045 1.3827611734810086

# Matrix 71
0.15518856583413168 -0.04307373211855057 0.06269647342902238 0.06683601946748352 0.030810008946984394
-0.04307373211855057 1.1619002096253925 0.38415583177279194 0.4090524776841028 0.11362279556695595
0.06269647342902238 0.38415583177279194 1.033091016322496 0.220521331624456 -0.1481663986123564
0.06683601946748352 0.4090524776841028 0.220521331624456 1.6711663060205917 -0.369599920066935
0.030810008946984394 0.11362279556695595 -0.1481663986123564 -0.369599920066935 4.545623858643831

# Matrix 72
0.7222847004253864 0.17556075201413976 0.06032467359392969 0.3247487300879246 -0.137549706971376
0.17556075201413976 0.7602156971884599 -0.22836155817221593 -0.07155547314123857 -0.37755467272870025
0.06032467359392969 -0.22836155817221593 1.2072694251619869 0.0017633675654566796 0.2883205923182593
0.3247487300879246 -0.07155547314123857 0.0017633675654566796 1.4341881782353145 -0.5512365358664477
-0.137549706971376 -0.37755467272870025 0.2883205923182593 -0.5512365358664477 1.8388818762478252

# Matrix 73
0.786845789995966 0.02781832237679622 -0.07595127617332147 -0.1586486033968641 -0.39120327849832337
0.02781832237679622 1.014732651842019 0.1308228154296254 -0.03652607633948424 -0.464209133653591
-0.07595127617332147 0.1308228154296254 0.9490517683631917 0.4129190805401813 0.11235513905485031
-0.1586486033968641 -0.03652607633948424 0.4129190805401813 1.294716116579073 -0.2424526202021461
-0.39120327849832337 -0.464209133653591 0.11235513905485031 -0.2424526202021461 1.8040180719967913

# Matrix 74
0.9814806305938977 0.4488841621891677 0.10036149926251602 0.28978415177049455 -0.1617410418755133
0.4488841621891677 1.084223130504872 0.09012376692484687 0.39105561666753236 -0.46571754690778333
0.10036149926251602 0.09012376692484687 0.9276090229870027 -0.023035512312086365 0.3060813011073072
0.28978415177049455 0.39105561666753236 -0.023035512312086365 0.8905184633363991 -0.49914511355354807
-0.1617410418755133 -0.46571754690778333 0.3060813011073072 -0.49914511355354807 2.2125323991048735

# Matrix 75
0.8815898991918518 -0.20187065903075485 0.1364950604910441 0.16696684356746117 -0.2677831539003225
-0.20187065903075485 0.8666365659344197 -0.11377374646125835 0.08298631679514745 0.180730563965955
0.1364950604910441 -0.11377374646125835 1.177750218731221 0.4395320239757176 0.2415815832601333
0.16696684356746117 0.08298631679514745 0.4395320239757176 0.990859055140796 0.21537210614347074
-0.2677831539003225 0.180730563965955 0.2415815832601333 0.21537210614347074 1.736172464307219

# Matrix 76
0.39945197854345627 0.10215144620568108 0.02021775315106804 -0.10590757043820957 -0.07270815655059173
0.10215144620568108 0.8916313268069954 0.18002137749410005 -0.3994033768986975 0.2180962739150404
0.02021775315106804 0.18002137749410005 1.1904466874380417 -0.3937631390699881 -0.37415659179142524
-0.10590757043820957 -0.3994033768986975 -0.3937631390699881 1.6756544384767842 -0.40784735037092074
-0.07270815655059173 0.2180962739150404 -0.37415659179142524 -0.40784735037092074 2.153944794365865

# Matrix 77
0.4506731685250895 0.22472859094908176 -0.171754275893647 0.12236870618975373 0.054897101529199924
0.22472859094908176 0.9824420941156731 -0.00099791628174254 -0.28065843744501134 -0.2266859627450016
-0.171754275893647 -0.00099791628174254 0.8540679964130784 -0.21589724235137078 -0.36252401684684976
0.12236870618975373 -0.28065843744501134 -0.21589724235137078 1.5074913176326388 -0.31126840444453957
0.054897101529199924 -0.2266859627450016 -0.36252401684684976 -0.31126840444453957 2.8669645061467994

# Matrix 78
0.39830487313905155 0.175282701894866 -0.005449360186457469 -0.15004733792499417 -0.13655463261321318
0.175282701894866 0.7589601679187534 -0.25465945603953755 -0.18098043800162658 -0.18270045405109372
-0.005449360186457469 -0.25465945603953755 1.3094422351705113 -0.48923851749663616 0.5213526073449535
-0.15004733792499417 -0.18098043800162658 -0.48923851749663616 1.9724193109732209 0.40912067932204216
-0.13655463261321318 -0.18270045405109372 0.5213526073449535 0.40912067932204216 2.254259666529604

# Matrix 79
0.7987806146389116 -0.34119553500666167 0.3356242797901108 0.0021306926442564334 0.06188854705063164
