# Matrix 1
0.589078024440547 0.1021824944081371 -0.2775572548322907 -0.25452392447424366 0.11500990275244419 -0.03648710410580253 -0.29239020896481566
0.1021824944081371 1.2275863554603375 -0.5915148714654566 0.5232745808863094 -0.5671430063814862 -0.41309883485722704 -0.6396928666522159
-0.2775572548322907 -0.5915148714654566 1.2778376380284404 -0.2382152250500663 0.07053968235557462 -0.22068326875665617 0.23276352293020314
-0.25452392447424366 0.5232745808863094 -0.2382152250500663 1.5910857763861903 -0.331731992769584 0.10476745068016015 -0.17673793793148648
0.11500990275244419 -0.5671430063814862 0.07053968235557462 -0.331731992769584 1.3542268434089908 -0.11316753896579099 0.5204226457297656
-0.03648710410580253 -0.41309883485722704 -0.22068326875665617 0.10476745068016015 -0.11316753896579099 1.4978693439267017 0.06705059150172575
-0.29239020896481566 -0.6396928666522159 0.23276352293020314 -0.17673793793148648 0.5204226457297656 0.06705059150172575 1.823144972327439

# Matrix 2
0.5465348801070815 0.0901861903319352 0.1272730924144241 0.12073874654810789 0.25987632013339784 -0.18029137280163707 -0.24255458858977044
0.0901861903319352 0.7325600722609037 -0.06923463237256156 0.1049044807054767 -0.048330725582128295 -0.1583322552453862 -0.2446260496608392
0.1272730924144241 -0.06923463237256156 1.2349133391902927 0.46344601697800325 -0.020419706783324693 -0.46667715211041993 0.19507419450315489
0.12073874654810789 0.1049044807054767 0.46344601697800325 1.3812529559678182 0.493724107120164 -0.548010393046516 0.2971284979987627
0.25987632013339784 -0.048330725582128295 -0.020419706783324693 0.493724107120164 1.2805959132853024 0.13207386082870332 -0.38449260399137164
-0.18029137280163707 -0.1583322552453862 -0.46667715211041993 -0.548010393046516 0.13207386082870332 1.7124638434527268 -0.3204204707303765
-0.24255458858977044 -0.2446260496608392 0.19507419450315489 0.2971284979987627 -0.38449260399137164 -0.3204204707303765 1.9696184607982496

# Matrix 3
0.5823803328935657 0.03780363718877188 -0.09254653826029234 0.18505047609629843 -0.028040613280233172 0.1719270883105247 -0.044271830507154
0.03780363718877188 1.1636153737039654 -0.1989185355248542 -0.5659571408409437 0.4804028365792767 0.009351575783386004 0.5066775280946901
-0.09254653826029234 -0.1989185355248542 1.1506975637590344 0.36974373643563346 0.2347805758483396 0.5058618674435588 -0.1545028471509437
0.18505047609629843 -0.5659571408409437 0.36974373643563346 1.2438283964455397 0.24219688969256273 0.1913375502677877 -0.1508632681010743
-0.028040613280233172 0.4804028365792767 0.2347805758483396 0.24219688969256273 1.8372888906243479 0.5848865115808749 0.0788510329907944
0.1719270883105247 0.009351575783386004 0.5058618674435588 0.1913375502677877 0.5848865115808749 1.6251643253594599 -0.16413147891751614
-0.044271830507154 0.5066775280946901 -0.1545028471509437 -0.1508632681010743 0.0788510329907944 -0.16413147891751614 1.3299576597467762

# Matrix 4
1.0644744180431622 0.032297719573877524 0.3444614070342448 0.3919067274508641 -0.3173349056745507 -0.47908605451008013 -0.11674091649663658
0.032297719573877524 1.5953536458844784 -0.48497562737137384 0.8063333493957786 0.2960724742331737 0.34024339037501755 0.10490878680529299
0.3444614070342448 -0.48497562737137384 1.4330830238955428 -0.6729027186525885 -0.5850032508067814 -0.4048712113182544 -0.004116907844901165
0.3919067274508641 0.8063333493957786 -0.6729027186525885 1.5786571716166564 0.6004492134525435 0.4311668052036683 -0.3923776612807003
-0.3173349056745507 0.2960724742331737 -0.5850032508067814 0.6004492134525435 1.463082137911802 0.6293091191479423 0.1766011968377956
-0.47908605451008013 0.34024339037501755 -0.4048712113182544 0.4311668052036683 0.6293091191479423 1.3962155455330523 -0.07530177657539898
-0.11674091649663658 0.10490878680529299 -0.004116907844901165 -0.3923776612807003 0.1766011968377956 -0.07530177657539898 1.0557363068326757

# Matrix 5
1.0893994743600908 -0.4364448178708056 0.45384866245639066 -0.19180121864448504 -0.002941890184929325 0.5272120751737043 0.0940759622220413
-0.4364448178708056 1.1311341607817522 0.2654059940002196 -0.3907463935609832 -0.11048499005509013 0.12085626630447378 -0.3107464750424972
0.45384866245639066 0.2654059940002196 0.9692654050522647 -0.15392837594485834 -0.08907408556593374 0.32176015609076275 0.036512158784692474
-0.19180121864448504 -0.3907463935609832 -0.15392837594485834 1.6737229823961208 -0.5066402532327035 0.2727915578802119 0.04105103299897588
-0.002941890184929325 -0.11048499005509013 -0.08907408556593374 -0.5066402532327035 1.081114045632818 -0.3967352152978508 0.05795107378302639
0.5272120751737043 0.12085626630447378 0.32176015609076275 0.2727915578802119 -0.3967352152978508 1.605201262990274 0.3313447622362987
0.0940759622220413 -0.3107464750424972 0.036512158784692474 0.04105103299897588 0.05795107378302639 0.3313447622362987 1.771360844470142

# Matrix 6
0.9390702312155619 -0.4061474148937449 0.12032354891116896 -0.1013937580390587 0.02507878693995754 -0.20297206855463346 -0.3352749653082977
-0.4061474148937449 1.351900867276262 0.3260689803371215 -0.17800454103010557 -0.07574420697303294 0.10776379335397225 0.3894955881080236
0.12032354891116896 0.3260689803371215 1.0603726633786927 0.2963806277961126 0.37464653907835954 0.04045545581113694 0.15568833730749573
-0.1013937580390587 -0.17800454103010557 0.2963806277961126 1.382570100819526 0.6225952575799801 -0.2534089149414312 0.5726112799428822
0.02507878693995754 -0.07574420697303294 0.37464653907835954 0.6225952575799801 1.1091822825262643 0.24662450993205406 0.5958516393440215
-0.20297206855463346 0.10776379335397225 0.04045545581113694 -0.2534089149414312 0.24662450993205406 1.222586573143286 0.22719145561307125
-0.3352749653082977 0.3894955881080236 0.15568833730749573 0.5726112799428822 0.5958516393440215 0.22719145561307125 1.7686325091228625

# Matrix 7
0.8452197884375309 -0.1495377270436659 0.07743203424138133 -0.19757199933543346 -0.16775073522586445 -0.2524341136992466 0.27506773328546624
-0.1495377270436659 0.9064293656857021 0.3876665905527072 0.10689122193342285 -0.08420398181208386 0.16943093569470943 -0.3484422292276757
0.07743203424138133 0.3876665905527072 1.3101628495620086 -0.35688973553220654 -0.42386678801301947 -0.11769299876217404 0.3058315308922676
-0.19757199933543346 0.10689122193342285 -0.35688973553220654 0.9826867530809653 0.09488773480190751 -0.045310143987733746 -0.42337715427564065
-0.16775073522586445 -0.08420398181208386 -0.42386678801301947 0.09488773480190751 1.332219155325053 0.5812275900901789 -0.5181843214791432
-0.2524341136992466 0.16943093569470943 -0.11769299876217404 -0.045310143987733746 0.5812275900901789 1.2994898481307113 -0.6899000457982684
0.27506773328546624 -0.3484422292276757 0.3058315308922676 -0.42337715427564065 -0.5181843214791432 -0.6899000457982684 2.023315812558837

# Matrix 8
0.736835313802057 0.29563664846020354 -0.21602741096307218 -0.14951926704355767 -0.31244222399495797 0.3672823809633168 -0.10124651702386658
0.29563664846020354 1.0366500050294152 -0.24890976664760436 -0.1511526364273236 -0.5531508927234975 -0.005851504897267522 0.08108652423245821
-0.21602741096307218 -0.24890976664760436 1.1822901046288088 -0.34613390685164863 0.03150703333402594 -0.1280358123959162 0.5404480037057626
-0.14951926704355767 -0.1511526364273236 -0.34613390685164863 1.0735148365738358 -0.2150565639378287 0.2616088212326895 0.1458974344691624
-0.31244222399495797 -0.5531508927234975 0.03150703333402594 -0.2150565639378287 1.84613174744739 -0.640158544243622 -0.483426448947329
0.3672823809633168 -0.005851504897267522 -0.1280358123959162 0.2616088212326895 -0.640158544243622 1.4966147782561483 0.3177281873076033
-0.10124651702386658 0.08108652423245821 0.5404480037057626 0.1458974344691624 -0.483426448947329 0.3177281873076033 1.6115746355518703

# Matrix 9
0.6249770431890213 0.08436019576750385 -0.1653388279794185 -0.02863393553283027 0.17105205953046515 -0.07653228586606604 0.2856934602221803
0.08436019576750385 0.9037966603392128 0.06626836002941537 -0.38599815864888826 -0.3909791748976034 -0.3663015171208318 0.021380425112849002
-0.1653388279794185 0.06626836002941537 0.8998431415731704 0.000550909549336522 0.08919379617535582 -0.14732736502660151 0.3425329572270831
-0.02863393553283027 -0.38599815864888826 0.000550909549336522 0.8890016203070865 0.4833370434352782 0.3182920833521876 0.14335606064409864
0.17105205953046515 -0.3909791748976034 0.08919379617535582 0.4833370434352782 1.8584685321518994 0.4173949750009036 0.0905773180700302
-0.07653228586606604 -0.3663015171208318 -0.14732736502660151 0.3182920833521876 0.4173949750009036 1.5873993150672188 -0.4480631944559328
0.2856934602221803 0.021380425112849002 0.3425329572270831 0.14335606064409864 0.0905773180700302 -0.4480631944559328 1.979000144203085

# Matrix 10
0.5167768856685522 -0.02039638105996738 -0.04370787954289056 0.192264937064381 -0.2402621671391672 -0.18960158330569762 -0.002940080285712819
-0.02039638105996738 0.737770465418189 -0.04629533677984566 -0.32652377234743385 0.22592812652954486 0.3342820524848926 -0.24093502471054734
-0.04370787954289056 -0.04629533677984566 0.846523842101078 -0.3506310215065765 -0.2937471572688307 0.2910881745906373 0.1484680521498715
0.192264937064381 -0.32652377234743385 -0.3506310215065765 1.4229311946282968 -0.3804594634243203 -0.6632746348469492 -0.45161422142225494
-0.2402621671391672 0.22592812652954486 -0.2937471572688307 -0.3804594634243203 1.465668389523926 -0.00032010912878959185 -0.4438448030340336
-0.18960158330569762 0.3342820524848926 0.2910881745906373 -0.6632746348469492 -0.00032010912878959185 1.3347266810032725 0.34573711474746954
-0.002940080285712819 -0.24093502471054734 0.1484680521498715 -0.45161422142225494 -0.4438448030340336 0.34573711474746954 3.639151902300239

# Matrix 11
0.6857536985132109 -0.14970315305060578 0.12186080440606237 0.1332978820880524 -0.31973889112679355 -0.001066563770875164 0.2740572442594892
-0.14970315305060578 0.9532225324497273 -0.29807974391148234 0.2277507894393525 -0.09967348904201066 -0.2998444482594241 0.07354925948423717
0.12186080440606237 -0.29807974391148234 0.825554540314687 -0.20586262826051574 0.2525370731592846 0.19033066026690545 -0.17034829397017073
0.1332978820880524 0.2277507894393525 -0.20586262826051574 1.0419620299774035 0.08123415761499726 0.24291659349548061 0.14641128579641965
-0.31973889112679355 -0.09967348904201066 0.2525370731592846 0.08123415761499726 0.9959172133790423 0.2684501271976504 -0.4262338166151738
-0.001066563770875164 -0.2998444482594241 0.19033066026690545 0.24291659349548061 0.2684501271976504 1.4728891014236358 0.088693175396554
0.2740572442594892 0.07354925948423717 -0.17034829397017073 0.14641128579641965 -0.4262338166151738 0.088693175396554 3.2741742383692296

# Matrix 12
0.47938038288598267 0.007202353451903604 0.19008476460579118 0.2162922958413531 -0.11135427516143273 -0.07718541446990772 0.0376459120111423
0.007202353451903604 0.5957970982558203 -0.16717876200723178 0.02739819348520898 -0.13704499065605225 0.2020079124425498 -0.0267112272307121
0.19008476460579118 -0.16717876200723178 1.0220274996495626 -0.011559055479787882 0.13792367746558382 -0.26196745626655693 0.07405211333759652
0.2162922958413531 0.02739819348520898 -0.011559055479787882 0.9475352179138425 -0.23904074155261296 -0.1922316489083117 -0.30352342774675684
-0.11135427516143273 -0.13704499065605225 0.13792367746558382 -0.23904074155261296 1.4623171716782797 0.1551308328760518 -0.19753451259453575
-0.07718541446990772 0.2020079124425498 -0.26196745626655693 -0.1922316489083117 0.1551308328760518 1.7603722151220973 -0.6810894598898499
0.0376459120111423 -0.0267112272307121 0.07405211333759652 -0.30352342774675684 -0.19753451259453575 -0.6810894598898499 2.6526832036627783

# Matrix 13
0.809909972649426 -0.04621793087350264 0.15452138301254525 0.19228425386928244 0.019949222760695696 -0.33763494708321157 -0.051102997454867745
-0.04621793087350264 0.908048083705193 -0.3050475536286813 0.22191909337954346 0.23965337801058456 0.24142407259241438 0.44325875058361797
0.15452138301254525 -0.3050475536286813 1.395631471577329 0.04990879672126319 -0.08271009365282164 0.27996228491747327 -0.3817036750262492
0.19228425386928244 0.22191909337954346 0.04990879672126319 1.158742417983237 0.5803274470644868 0.5241031891219154 -0.20234266417606636
0.019949222760695696 0.23965337801058456 -0.08271009365282164 0.5803274470644868 1.092146926872047 0.16650316719527788 -0.38626203538039916
-0.33763494708321157 0.24142407259241438 0.27996228491747327 0.5241031891219154 0.16650316719527788 1.478963887673545 -0.2631590465889815
-0.051102997454867745 0.44325875058361797 -0.3817036750262492 -0.20234266417606636 -0.38626203538039916 -0.2631590465889815 2.100396306934215

# Matrix 14
1.2083003840534043 0.5896996842147721 -0.5994637839727863 0.23252003225328982 0.2388629912970308 0.11411538073098346 -0.6033895191069608
0.5896996842147721 0.9113740060678543 -0.47407785346142023 -0.06857587501084525 0.1697613053989952 0.24057028873120706 -0.4217810511365631
-0.5994637839727863 -0.47407785346142023 0.9774218580836438 -0.2204331227917528 0.07745151941421109 0.11680621266587964 0.538041953157956
0.23252003225328982 -0.06857587501084525 -0.2204331227917528 1.4417370186424847 -0.5930929798705296 -0.6881835189706453 -0.734935111756357
0.2388629912970308 0.1697613053989952 0.07745151941421109 -0.5930929798705296 1.7131405248123308 -0.09612179537181172 -0.04685764006541471
0.11411538073098346 0.24057028873120706 0.11680621266587964 -0.6881835189706453 -0.09612179537181172 1.8156995618228466 -0.20649714373267952
-0.6033895191069608 -0.4217810511365631 0.538041953157956 -0.734935111756357 -0.04685764006541471 -0.20649714373267952 1.9541110396139132

# Matrix 15
0.9326240749298722 -0.21990465522060507 -0.06596022256675362 0.4659829688993268 -0.0553137031798443 -0.34596398809215984 -0.05509858448649894
-0.21990465522060507 0.7247765940286641 0.2538819178295193 -0.14679434932864868 0.03650787110101353 0.29350128702060047 -0.14779280036361814
-0.06596022256675362 0.2538819178295193 0.9385328532354636 -0.44313314114171426 -0.028568647411861655 -0.014004345294659645 -0.44936881449538146
0.4659829688993268 -0.14679434932864868 -0.44313314114171426 1.6397514925549705 -0.32900169062094875 -0.5172399495082137 -0.35343645386269423
-0.0553137031798443 0.03650787110101353 -0.028568647411861655 -0.32900169062094875 1.354464460819159 0.047187817384150565 0.6717981832026317
-0.34596398809215984 0.29350128702060047 -0.014004345294659645 -0.5172399495082137 0.047187817384150565 1.4191005663068248 0.3617605276356226
-0.05509858448649894 -0.14779280036361814 -0.44936881449538146 -0.35343645386269423 0.6717981832026317 0.3617605276356226 1.8276081698915627

# Matrix 16
0.7655475099946915 -0.37456656998599136 -0.21610018930642833 0.3590478270274424 -0.34846051041889126 -0.17876996492811972 -0.0345250779975579
-0.37456656998599136 1.0119744355363147 -0.0754094041147097 -0.08790369163439182 0.07227640555536727 -0.3069970280686472 -0.03738901002674507
-0.21610018930642833 -0.0754094041147097 0.8335130178204588 -0.03292035490977831 -0.037487371296695146 0.31999640816976205 -0.2684788425002036
0.3590478270274424 -0.08790369163439182 -0.03292035490977831 1.414283756799781 0.27168665019271404 -0.022548820629889308 -0.5627448802716662
-0.34846051041889126 0.07227640555536727 -0.037487371296695146 0.27168665019271404 1.3846910469093674 0.36123558141107637 0.24644836383212163
-0.17876996492811972 -0.3069970280686472 0.31999640816976205 -0.022548820629889308 0.36123558141107637 1.7261191609309154 -0.6687186401632658
-0.0345250779975579 -0.03738901002674507 -0.2684788425002036 -0.5627448802716662 0.24644836383212163 -0.6687186401632658 2.046632643992681

# Matrix 17
0.5150080357617285 0.12364763377426931 0.02244414198575017 -0.18827281311930139 -0.1848179937745281 -0.050180926596362724 0.21455918039076186
0.12364763377426931 0.748166060181758 -0.13649247203397963 0.2800150557496149 0.05109857754477396 -0.12005308601608684 -0.26951986506213294
0.02244414198575017 -0.13649247203397963 1.0421681871547963 -0.0157392531571615 -0.07213408916472616 -0.011145386143769784 -0.38794582368675345
-0.18827281311930139 0.2800150557496149 -0.0157392531571615 1.5337569037567649 0.5696465023663434 0.4712917661062657 0.10967378691890277
-0.1848179937745281 0.05109857754477396 -0.07213408916472616 0.5696465023663434 1.205532895797609 0.523798870760991 -0.3238771701823245
-0.050180926596362724 -0.12005308601608684 -0.011145386143769784 0.4712917661062657 0.523798870760991 1.6972081677571895 -0.6210739606899671
0.21455918039076186 -0.26951986506213294 -0.38794582368675345 0.10967378691890277 -0.3238771701823245 -0.6210739606899671 2.5524922991624313

# Matrix 18
0.8446284986896451 -0.37240144165279493 -0.1529542045274028 0.32683227558708244 -0.36217843342560274 0.150658925338995 0.1870636962744836
-0.37240144165279493 1.09055362504887 0.36865352698386533 -0.0008214510058057297 0.36647851569156353 0.26861699291783786 -0.2544515771996783
-0.1529542045274028 0.36865352698386533 1.2142511546889518 0.1556594533568592 -0.12945119358716722 0.280534618926447 0.2491011439428141
0.32683227558708244 -0.0008214510058057297 0.1556594533568592 1.332077160175511 -0.05141418213084386 0.31085078971524044 0.3652109259782045
-0.36217843342560274 0.36647851569156353 -0.12945119358716722 -0.05141418213084386 1.1641437512200485 -0.40586059392155516 -0.06632684005000082
0.150658925338995 0.26861699291783786 0.280534618926447 0.31085078971524044 -0.40586059392155516 1.4027951604890012 -0.013425408394977844
0.1870636962744836 -0.2544515771996783 0.2491011439428141 0.3652109259782045 -0.06632684005000082 -0.013425408394977844 1.3613773981771335

# Matrix 19
0.36800426094810534 -0.03801287711006657 0.06007352766749088 -0.03039289341523102 -0.10938063916294412 -0.18274808061159845 0.019706329483354303
-0.03801287711006657 1.4311666345728196 0.32752071038069663 0.2347964281494962 -0.514088889427956 -0.12966420904220444 -0.33355547264405744
0.06007352766749088 0.32752071038069663 1.2565800099057705 -0.143325487105854 -0.6359455135038224 0.3260664301380782 0.3275447101589031
-0.03039289341523102 0.2347964281494962 -0.143325487105854 1.1768748989567008 -0.010065101837916637 0.11233934421631762 0.005656847551426913
-0.10938063916294412 -0.514088889427956 -0.6359455135038224 -0.010065101837916637 1.8236442541360478 -0.10865388612815656 -0.2886173149201663
-0.18274808061159845 -0.12966420904220444 0.3260664301380782 0.11233934421631762 -0.10865388612815656 1.5510259199447993 0.6607418634482444
0.019706329483354303 -0.33355547264405744 0.3275447101589031 0.005656847551426913 -0.2886173149201663 0.6607418634482444 1.2729472285889354

# Matrix 20
0.5853073719276353 0.14267105483171588 -0.10863860379622851 -0.2261831416961852 0.02512171445627552 -0.1332431206983494 -0.26139295644070176
0.14267105483171588 0.6429368735141039 -0.10108966665266135 -0.32243841098838366 0.052898010596931326 0.17386366112104568 -0.28466933427599683
-0.10863860379622851 -0.10108966665266135 0.8111497529904029 0.31013110197356697 0.05532480670530863 -0.12328329412497034 -0.13217453665692
-0.2261831416961852 -0.32243841098838366 0.31013110197356697 1.4027840440838983 0.4701503821687984 0.01643112667724839 0.22231090976445042
0.02512171445627552 0.052898010596931326 0.05532480670530863 0.4701503821687984 1.2463464456345634 0.3344065185377559 0.0996014054814519
-0.1332431206983494 0.17386366112104568 -0.12328329412497034 0.01643112667724839 0.3344065185377559 1.5954722287066327 -0.22648761352025573
-0.26139295644070176 -0.28466933427599683 -0.13217453665692 0.22231090976445042 0.0996014054814519 -0.22648761352025573 2.5618995552920585

# Matrix 21
0.6961801297864877 -0.2219841145616072 -0.19983658314375868 -0.2761940278020396 0.3055182869667847 -0.16707452692707692 0.09705063862832615
-0.2219841145616072 1.6639136378762962 0.8593876439134119 0.09339393515479338 0.5497690218885972 -0.24033680773280253 0.26219683365542995
-0.19983658314375868 0.8593876439134119 1.5918782478058031 -0.2872408308656584 0.7765278685638684 0.0056254501396566774 -0.23223888715616203
-0.2761940278020396 0.09339393515479338 -0.2872408308656584 1.3819561150679691 0.08203119499549676 0.2623617111697529 0.3564283273682589
0.3055182869667847 0.5497690218885972 0.7765278685638684 0.08203119499549676 1.532377836193897 0.2405443386208194 0.20339827254288748
-0.16707452692707692 -0.24033680773280253 0.0056254501396566774 0.2623617111697529 0.2405443386208194 1.0074333244381986 -0.1387432605911883
0.09705063862832615 0.26219683365542995 -0.23223888715616203 0.3564283273682589 0.20339827254288748 -0.1387432605911883 1.5316989473336478

# Matrix 22
0.6732543533991922 0.1526768497571844 -0.33257033606058095 -0.31544872431358945 0.25332815300385275 -0.23817006488097947 0.09136337264236016
0.1526768497571844 0.9639121419096665 -0.07118943540434243 0.2840326892377125 -0.0042317977677992025 0.01780239608207105 -0.07609490634471701
-0.33257033606058095 -0.07118943540434243 1.0244695489586828 -0.10877384355928282 0.078804010329373 0.5424633114288606 0.147420510616722
-0.31544872431358945 0.2840326892377125 -0.10877384355928282 1.4741808399312093 -0.18085919713368281 -0.5085241535119256 -0.3364732530327091
0.25332815300385275 -0.0042317977677992025 0.078804010329373 -0.18085919713368281 1.0944267565050658 0.42342608109281327 0.10414991125320283
-0.23817006488097947 0.01780239608207105 0.5424633114288606 -0.5085241535119256 0.42342608109281327 1.8397311208894853 0.464471080967
0.09136337264236016 -0.07609490634471701 0.147420510616722 -0.3364732530327091 0.10414991125320283 0.464471080967 1.7899859215184026

# Matrix 23
0.7468762689706621 0.339975033002432 -0.15032245868050853 0.2742090616794448 0.21850829277303174 -0.07229344788035094 -0.05321473787868291
0.339975033002432 1.0467581332874425 -0.2689428427767468 0.24481573911500645 0.03476305986203362 0.26602810589177406 -0.18197443937955426
-0.15032245868050853 -0.2689428427767468 1.3869438451105789 -0.14945906475031923 0.2912235656999296 0.45673847553931063 0.24520698651783512
0.2742090616794448 0.24481573911500645 -0.14945906475031923 1.4619990590272418 0.02830852395660973 0.1698270006219413 0.287893965814853
0.21850829277303174 0.03476305986203362 0.2912235656999296 0.02830852395660973 1.3581151018607645 0.6198090620833363 0.4808346734906915
-0.07229344788035094 0.26602810589177406 0.45673847553931063 0.1698270006219413 0.6198090620833363 1.28510123929363 0.1225040041223677
-0.05321473787868291 -0.18197443937955426 0.24520698651783512 0.287893965814853 0.4808346734906915 0.1225040041223677 1.3301163842786736

# Matrix 24
0.35907340772841273 -0.16229008329037978 -0.1614795771246746 -0.11383869204885502 -0.12887098614237116 0.0780714134404572 0.031980816554920924
-0.16229008329037978 0.6235509126883797 -0.1270986643336992 0.1884909374391029 0.28503685596817946 0.05238875745074575 0.12515113329524846
-0.1614795771246746 -0.1270986643336992 1.0782857770485323 -0.1450449913291082 0.34445860444203547 0.1617803769529437 -0.3572060517019835
-0.11383869204885502 0.1884909374391029 -0.1450449913291082 0.9901182850615061 -0.22334760582809468 -0.3452939584579147 -0.29369379876039786
-0.12887098614237116 0.28503685596817946 0.34445860444203547 -0.22334760582809468 1.4793643067655893 0.6901349783458406 -0.3278674254366829
0.0780714134404572 0.05238875745074575 0.1617803769529437 -0.3452939584579147 0.6901349783458406 2.023638555228182 -0.8782751015165642
0.031980816554920924 0.12515113329524846 -0.3572060517019835 -0.29369379876039786 -0.3278674254366829 -0.8782751015165642 4.163726004837653

# Matrix 25
0.3038179014846223 -0.10381943387119486 0.06281455215819574 0.14809296423264717 0.0885275838908559 0.13787708246641295 -0.09682611163556218
-0.10381943387119486 0.8505415796321466 0.12169874023942345 0.2741220376921053 0.04704879703294777 0.29581274569322397 -0.19275670716629978
0.06281455215819574 0.12169874023942345 1.1554340187721301 -0.15184973018540807 0.5706967316399271 -0.44387077120046153 -0.6100122861599068
0.14809296423264717 0.2741220376921053 -0.15184973018540807 1.4808692762347888 -0.5880871478480736 0.7970330697695044 -0.32773236394017013
0.0885275838908559 0.04704879703294777 0.5706967316399271 -0.5880871478480736 1.9595487080207745 0.29110359959546894 -0.5777451098652806
0.13787708246641295 0.29581274569322397 -0.44387077120046153 0.7970330697695044 0.29110359959546894 2.2375866028159823 0.23711861675680873
-0.09682611163556218 -0.19275670716629978 -0.6100122861599068 -0.32773236394017013 -0.5777451098652806 0.23711861675680873 2.3450644280227984

# Matrix 26
0.9584939382385022 0.12113861640090261 0.0004694621475324411 -0.3278811569580505 -0.06820223742978802 -0.14037409996085906 -0.19312532692682732
0.12113861640090261 1.2612637130021225 -0.4278022863076813 0.40832994340928314 -0.0196730582931417 0.1442132015355856 -0.44465374448940564
0.0004694621475324411 -0.4278022863076813 0.9734505607998141 0.06991361959954445 -0.40735892748303404 0.2944767975355928 0.4788320780596026
-0.3278811569580505 0.40832994340928314 0.06991361959954445 1.1508435521455038 -0.3524677283939202 0.4579223175265419 -0.21082861479335266
-0.06820223742978802 -0.0196730582931417 -0.40735892748303404 -0.3524677283939202 0.9677373883613993 -0.5470765264026348 -0.28253181928406396
-0.14037409996085906 0.1442132015355856 0.2944767975355928 0.4579223175265419 -0.5470765264026348 1.445652717485901 0.5269784543206714
-0.19312532692682732 -0.44465374448940564 0.4788320780596026 -0.21082861479335266 -0.28253181928406396 0.5269784543206714 2.34543976392831

# Matrix 27
0.4958355949786908 -0.026655653565674127 0.19739209166334631 0.24089322519162984 0.11355359494231361 0.1420026765356606 -0.024999132893096507
-0.026655653565674127 0.665137149261847 -0.27714824026837015 -0.10094231203268753 0.3036554816580531 0.15545459506354073 0.19586618077815315
0.19739209166334631 -0.27714824026837015 0.7768659681330088 -0.08069840202042759 -0.24232203806955777 -0.16646516264768846 0.1993774778654829
0.24089322519162984 -0.10094231203268753 -0.08069840202042759 1.7312621208589627 0.6531803887677932 0.33346700984509364 0.1319745636119703
0.11355359494231361 0.3036554816580531 -0.24232203806955777 0.6531803887677932 1.474160903540974 0.6913784523848239 0.5681835787301357
0.1420026765356606 0.15545459506354073 -0.16646516264768846 0.33346700984509364 0.6913784523848239 1.56581458712769 0.30749084811743815
-0.024999132893096507 0.19586618077815315 0.1993774778654829 0.1319745636119703 0.5681835787301357 0.30749084811743815 3.135448734675332

# Matrix 28
0.630931880798608 -0.23296114995749514 0.1994992048585915 -0.10932031144824345 0.11617135915636494 0.30656899459431075 -0.2970768436542225
-0.23296114995749514 0.7112943870679904 0.2106531187177156 -0.20084274990057702 0.07855170508317258 -0.4101677498562178 0.021806560750737225
0.1994992048585915 0.2106531187177156 0.919132749991329 -0.17649299979721872 0.0012843923547940438 0.23017844016949648 0.1995202556064385
-0.10932031144824345 -0.20084274990057702 -0.17649299979721872 0.8219779753015478 -0.3885527344511902 -0.08411012470877136 0.05300807594214011
0.11617135915636494 0.07855170508317258 0.0012843923547940438 -0.3885527344511902 1.212773970343356 0.4459706350638912 0.1715411288291308
0.30656899459431075 -0.4101677498562178 0.23017844016949648 -0.08411012470877136 0.4459706350638912 1.6857251379757003 0.42603490429798024
-0.2970768436542225 0.021806560750737225 0.1995202556064385 0.05300807594214011 0.1715411288291308 0.42603490429798024 4.913726064671274

# Matrix 29
0.5631106462357313 0.11436051516184148 -0.09571283124215597 -0.19937944601306987 -0.043558117320816936 0.1990018909660424 0.19949900613618124
0.11436051516184148 2.132957059139411 1.017927686062239 -0.40326371675570494 -0.6542859721214506 0.4520842549598939 0.43126662301755125
-0.09571283124215597 1.017927686062239 1.7056012083399004 -0.6629612289426012 -0.27907745198825007 0.4707651192952733 0.564813168402281
-0.19937944601306987 -0.40326371675570494 -0.6629612289426012 1.0370481322873653 -0.13874715912230484 0.0360133927039222 -0.23225572167715294
-0.043558117320816936 -0.6542859721214506 -0.27907745198825007 -0.13874715912230484 0.8851982663942481 -0.20433777833672812 0.09126830734800917
0.1990018909660424 0.4520842549598939 0.4707651192952733 0.0360133927039222 -0.20433777833672812 1.9141341696228535 -0.4347410336075181
0.19949900613618124 0.43126662301755125 0.564813168402281 -0.23225572167715294 0.09126830734800917 -0.4347410336075181 1.9171499457256096

# Matrix 30
1.2841296524547896 -0.5854737610685534 0.05920004916495395 0.03247936633458047 0.5777277060310888 -0.04637685476449246 0.013507241919920985
-0.5854737610685534 1.0176346799984228 0.09005960340386346 -0.16273483971585548 -0.06946685653469041 0.17081638215789938 -0.016534964265644794
0.05920004916495395 0.09005960340386346 0.8444329193045212 -0.32193435738735454 0.37722695923808636 0.006137144169923306 -0.29782539290540383
0.03247936633458047 -0.16273483971585548 -0.32193435738735454 1.0847895097705562 0.32996950983918716 -0.41216106904613087 -0.06235983480268173
0.5777277060310888 -0.06946685653469041 0.37722695923808636 0.32996950983918716 1.6130480522051234 0.13873877603084422 0.0883464895893021
-0.04637685476449246 0.17081638215789938 0.006137144169923306 -0.41216106904613087 0.13873877603084422 1.4133650183302038 0.6847730340121065
0.013507241919920985 -0.016534964265644794 -0.29782539290540383 -0.06235983480268173 0.0883464895893021 0.6847730340121065 1.7286255002299835

# Matrix 31
0.45211304516300355 0.21079570438296258 0.17706018155276926 -0.15030720497072012 -0.10069969843877319 -0.22164226181763602 -0.001114272228033777
0.21079570438296258 0.8712002324949493 -0.2495099439751306 -0.089304869674936 -0.19062195612167762 -0.45612612304030015 -0.355392528477248
0.17706018155276926 -0.2495099439751306 1.2200845014192327 -0.16902543666531977 0.3707315115069073 -0.25800360915730974 0.6419456640049446
-0.15030720497072012 -0.089304869674936 -0.16902543666531977 1.1097911788500143 -0.15334833599552122 -0.19108921810388851 0.4063061960491637
-0.10069969843877319 -0.19062195612167762 0.3707315115069073 -0.15334833599552122 1.634173911405876 -0.4994502701499042 0.6829892943031064
-0.22164226181763602 -0.45612612304030015 -0.25800360915730974 -0.19108921810388851 -0.4994502701499042 2.2837628045155083 0.20527377971728833
-0.001114272228033777 -0.355392528477248 0.6419456640049446 0.4063061960491637 0.6829892943031064 0.20527377971728833 2.123118604137485

# Matrix 32
0.20157117439997102 -0.025748502301377683 -0.013898544696525362 -0.05748027043950419 -0.0880583959240627 -0.017735578990940307 0.07928282974943111
-0.025748502301377683 0.20725885622580018 0.039082727245638674 0.06806601972037628 0.04037904878476864 0.04607281163214832 -0.017712317320721583
-0.013898544696525362 0.039082727245638674 0.8709788268249689 0.10444271566841401 0.16328716826449516 -0.3746420689779688 -0.2485521955616922
-0.05748027043950419 0.06806601972037628 0.10444271566841401 2.154869509304757 0.6764016912415971 0.7981425853796347 0.72673991278875
-0.0880583959240627 0.04037904878476864 0.16328716826449516 0.6764016912415971 2.092865219053104 -0.22393265991545847 1.015122454611731
-0.017735578990940307 0.04607281163214832 -0.3746420689779688 0.7981425853796347 -0.22393265991545847 2.5270290500082915 -0.6671868880101762
0.07928282974943111 -0.017712317320721583 -0.2485521955616922 0.72673991278875 1.015122454611731 -0.6671868880101762 4.94076301023856

# Matrix 33
0.7277619678283535 -0.3414983280177689 -0.31517167139650987 -0.028605034284744035 -0.19216037924646256 0.2569381591083442 0.1390118662279609
-0.3414983280177689 1.0997727919412297 -0.2648237680753554 -0.24562286373567674 0.4191075219808145 -0.0017185629666145478 -0.08146100711290483
-0.31517167139650987 -0.2648237680753554 1.0495295364500463 0.052789936203122195 -0.4037825272178901 0.18447862094314485 -0.3216096106911688
-0.028605034284744035 -0.24562286373567674 0.052789936203122195 0.8041826965445735 -0.11214749125770959 0.1344353555445323 -0.22091637630249752
-0.19216037924646256 0.4191075219808145 -0.4037825272178901 -0.11214749125770959 1.3013798613414107 -0.6161690684170305 0.26919206786767186
0.2569381591083442 -0.0017185629666145478 0.18447862094314485 0.1344353555445323 -0.6161690684170305 1.7008791317291072 -0.23882572773738733
0.1390118662279609 -0.08146100711290483 -0.3216096106911688 -0.22091637630249752 0.26919206786767186 -0.23882572773738733 2.6184343241343067

# Matrix 34
0.6293671814149487 -0.3098861010120088 0.016059859779973092 0.07466389671808026 0.11669655079785804 -0.20514624190482209 -0.24920404751182265
-0.3098861010120088 1.1684929716383972 0.11492346049891272 0.3119332217409408 0.060944749054470726 0.3484400005593112 0.22766309304965165
0.016059859779973092 0.11492346049891272 0.8971283681676016 -0.10607026773611113 0.3996125218017009 -0.3616427572796351 -0.09663936213650168
0.07466389671808026 0.3119332217409408 -0.10607026773611113 1.7237428087464604 0.7273172105610685 0.6787650315252524 -0.7016897021488645
0.11669655079785804 0.060944749054470726 0.3996125218017009 0.7273172105610685 1.8865408994231607 0.5934560167866585 0.1626792843721389
-0.20514624190482209 0.3484400005593112 -0.3616427572796351 0.6787650315252524 0.5934560167866585 1.5648778661452218 -0.29056702271282514
-0.24920404751182265 0.22766309304965165 -0.09663936213650168 -0.7016897021488645 0.1626792843721389 -0.29056702271282514 1.8608406391361687

# Matrix 35
0.5162506269234879 -0.2437915054306833 -0.2058559643478533 -0.08861067210535474 -0.16288413261228163 -0.06271240281948463 0.23007628317723106
-0.2437915054306833 1.049734570824593 0.20816671667941555 0.3391796567408949 0.15748068746258403 -0.2682149183517634 0.17152119623251233
-0.2058559643478533 0.20816671667941555 1.3284019837825696 0.02957194841477449 0.38121218219734343 -0.3446092426895445 0.3694346966565657
-0.08861067210535474 0.3391796567408949 0.02957194841477449 1.3722346119592823 0.07880263126248847 -0.35397731106835917 0.01736602476475804
-0.16288413261228163 0.15748068746258403 0.38121218219734343 0.07880263126248847 1.1630714308712076 -0.11940761545905594 0.3477623614240903
-0.06271240281948463 -0.2682149183517634 -0.3446092426895445 -0.35397731106835917 -0.11940761545905594 1.3349672288136374 0.0840241707729347
0.23007628317723106 0.17152119623251233 0.3694346966565657 0.01736602476475804 0.3477623614240903 0.0840241707729347 1.7145214284830164

# Matrix 36
0.927941476312202 0.16551490432486185 -0.2205188085356338 -0.13099857529883405 -0.1920829262100008 -0.014411858268286813 -0.22889431883062705
0.16551490432486185 0.9522477065101488 0.3547760380721568 0.13201674269057317 -0.16457584586583657 -0.23131829686404926 -0.44552585756827373
-0.2205188085356338 0.3547760380721568 0.9326125511180335 -0.2452312816498599 -0.1942457394056744 -0.21372084656733403 -0.42018422553257034
-0.13099857529883405 0.13201674269057317 -0.2452312816498599 1.1162293863650223 -0.05377751831980226 -0.13926239849251382 -0.16564710015958464
-0.1920829262100008 -0.16457584586583657 -0.1942457394056744 -0.05377751831980226 0.8202668270063167 -0.14972623220898745 0.3117543387960415
-0.014411858268286813 -0.23131829686404926 -0.21372084656733403 -0.13926239849251382 -0.14972623220898745 1.409173559603006 0.7244787780963992
-0.22889431883062705 -0.44552585756827373 -0.42018422553257034 -0.16564710015958464 0.3117543387960415 0.7244787780963992 2.854924966287373

# Matrix 37
0.5590621648551377 -0.14327271404716346 0.06382891529754599 0.2611234926498746 -0.1473628734162815 -0.15484210546109103 -0.1952590501539249
-0.14327271404716346 0.637498228139006 -0.22745883456475963 -0.01046176236902361 -0.15470817721821664 -0.031330349103090134 0.0469850656455975
0.06382891529754599 -0.22745883456475963 0.9374077653220351 0.3844669719703509 0.4658467338921969 -0.15552810194753044 0.2099405404795013
0.2611234926498746 -0.01046176236902361 0.3844669719703509 1.4671055642842654 -0.22769404643900693 -0.4907577413629997 -0.10739060424989594
-0.1473628734162815 -0.15470817721821664 0.4658467338921969 -0.22769404643900693 1.3921534848875305 0.24289290069667865 -0.23888959921338246
-0.15484210546109103 -0.031330349103090134 -0.15552810194753044 -0.4907577413629997 0.24289290069667865 1.3817815958578834 0.5088058478265522
-0.1952590501539249 0.0469850656455975 0.2099405404795013 -0.10739060424989594 -0.23888959921338246 0.5088058478265522 3.091256853495003

# Matrix 38
0.6314947332594134 -0.2023315396263887 -0.09204905694660472 -0.023562560207838125 -0.013800222257540707 0.1560314130682016 0.14953986529804178
-0.2023315396263887 1.7955592021771862 -0.6794092758010882 0.5456658934898145 0.08283956325306345 -0.7883511346206399 -0.12146307974770239
-0.09204905694660472 -0.6794092758010882 1.3657845735620313 0.0660734459987338 0.4811008186143607 0.36238900931178314 -0.4342956653577907
-0.023562560207838125 0.5456658934898145 0.0660734459987338 1.380122226842569 0.4992039576959603 -0.05837765583076798 0.23598718088650344
-0.013800222257540707 0.08283956325306345 0.4811008186143607 0.4992039576959603 1.5397587421284529 -0.4726702501625134 -0.037963443991163755
0.1560314130682016 -0.7883511346206399 0.36238900931178314 -0.05837765583076798 -0.4726702501625134 1.2749370366476458 0.23845872511676952
0.14953986529804178 -0.12146307974770239 -0.4342956653577907 0.23598718088650344 -0.037963443991163755 0.23845872511676952 1.3641326992977245

# Matrix 39
1.09885830249296 0.5187087506561341 -0.07058768679210495 0.32906904323463987 0.4840639840427971 -0.30909688878619923 -0.2944089618704794
0.5187087506561341 1.2485215372676721 0.29520079516411896 -0.0398745200007581 0.08020538043974255 0.2531350346730365 -0.1224885319517899
-0.07058768679210495 0.29520079516411896 0.7929707981720825 -0.26724070745522566 0.21834346356076892 0.20847127454928902 0.23501159665675223
0.32906904323463987 -0.0398745200007581 -0.26724070745522566 1.2050524607726982 -0.3157788573366954 0.07266422739349436 0.18114720679655785
0.4840639840427971 0.08020538043974255 0.21834346356076892 -0.3157788573366954 1.327588144921821 -0.2421753525992502 -0.4330343233904737
-0.30909688878619923 0.2531350346730365 0.20847127454928902 0.07266422739349436 -0.2421753525992502 1.5763999100634074 0.7326211011127541
-0.2944089618704794 -0.1224885319517899 0.23501159665675223 0.18114720679655785 -0.4330343233904737 0.7326211011127541 1.8786625163955963

# Matrix 40
1.1725666780465638 0.5275986164564082 0.4970101083658481 -0.1713525727848931 -0.3131715482315785 -0.30371955307236354 -0.1433197211527017
0.5275986164564082 1.1642720843583354 0.5105754999796752 -0.02706635163976361 -0.46649926034151856 0.14861166123384825 0.18401288599852492
0.4970101083658481 0.5105754999796752 1.1904743840209386 0.2794892974490763 -0.4727608604215666 0.07114006959632158 -0.248874972912617
-0.1713525727848931 -0.02706635163976361 0.2794892974490763 0.7988590530204478 -0.03154785834981546 -0.2081660953642187 -0.13200551643040787
-0.3131715482315785 -0.46649926034151856 -0.4727608604215666 -0.03154785834981546 1.8046989123862789 -0.41716735126181137 -0.3117082904470513
-0.30371955307236354 0.14861166123384825 0.07114006959632158 -0.2081660953642187 -0.41716735126181137 1.5845106695478561 -0.37092388601830434
-0.1433197211527017 0.18401288599852492 -0.248874972912617 -0.13200551643040787 -0.3117082904470513 -0.37092388601830434 1.39376374770789

# Matrix 41
0.604825073264603 0.2074031999032822 0.05702339414161272 0.2532096873779199 0.18200110135390088 -0.19882401615338408 0.23332562156458908
0.2074031999032822 1.3249875756501681 0.4343547349802707 -0.14807179068338142 -0.5360450782025232 -0.662609894814134 -0.12082956342271832
