# Matrix 1
0.746071641872702 -0.06665984935659074 -0.05082339020292941 -0.27675353126650515
-0.06665984935659074 0.8161253302304471 0.04309904242888802 0.014646388695759302
-0.05082339020292941 0.04309904242888802 1.2616021600367795 -0.5473177158134171
-0.27675353126650515 0.014646388695759302 -0.5473177158134171 1.6743936917665982

# Matrix 2
0.6075645709548042 0.1824899780441006 -0.2142891115154005 -0.10514002950496762
0.1824899780441006 0.8138044895629368 -0.04965519840183626 -0.05762376064394895
-0.2142891115154005 -0.04965519840183626 0.9242332836649835 0.07324115132517392
-0.10514002950496762 -0.05762376064394895 0.07324115132517392 2.5768236057804663

# Matrix 3
0.23465437200753347 0.0037001801956714274 -0.0681655556476081 -0.05116471659686375
0.0037001801956714274 1.1837344827295377 -0.4903073220906148 0.5577836244253727
-0.0681655556476081 -0.4903073220906148 1.8390907136195753 -0.8143564017764531
-0.05116471659686375 0.5577836244253727 -0.8143564017764531 2.722575544485901

# Matrix 4
0.8490305864707174 -0.19170340118695314 -0.3202269046655877 0.2361634649262238
-0.19170340118695314 1.3026720237619005 -0.4832101767040254 -0.5824463725565858
-0.3202269046655877 -0.4832101767040254 1.5410068484598785 0.6641601370362274
0.2361634649262238 -0.5824463725565858 0.6641601370362274 1.313753929516083

# Matrix 5
0.2256472788248102 -0.10233234557055479 0.02027060174013989 0.08724313478910065
-0.10233234557055479 0.7523593198996562 0.27764760545352896 0.1690401261006311
0.02027060174013989 0.27764760545352896 1.3095850447933215 0.2099134568263357
0.08724313478910065 0.1690401261006311 0.2099134568263357 5.376857964455655

# Matrix 6
0.6303529061555485 -0.019857991532980533 0.2686642657352041 0.12190566184243434
-0.019857991532980533 1.538776333725371 0.5681072241307419 -0.1371436388088358
0.2686642657352041 0.5681072241307419 1.3196311324217966 -0.15259536510752134
0.12190566184243434 -0.1371436388088358 -0.15259536510752134 1.1021416043788483

# Matrix 7
0.41939225039198735 0.1664710280992138 -0.03813369468127195 -0.11236547440552318
0.1664710280992138 0.9711401427068497 -0.15164382056181797 0.14433615406325712
-0.03813369468127195 -0.15164382056181797 0.7809975145892949 -0.1564478442163647
-0.11236547440552318 0.14433615406325712 -0.1564478442163647 3.5752469566851715

# Matrix 8
0.6006875825845065 0.25100855250334625 0.12039706020066958 0.061138754568096726
0.25100855250334625 0.913627860340876 0.20547071218186092 0.2215728258918253
0.12039706020066958 0.20547071218186092 1.2630064469986488 -0.4807042011856268
0.061138754568096726 0.2215728258918253 -0.4807042011856268 1.9890182963887624

# Matrix 9
0.28239273013196375 0.055536156972463196 0.11602364120210217 0.12694699068926985
0.055536156972463196 1.0780146048336252 0.1892699286346272 -0.01836813849706489
0.11602364120210217 0.1892699286346272 1.6596834975955408 -0.33820344781421846
0.12694699068926985 -0.01836813849706489 -0.33820344781421846 2.243922443992948

# Matrix 10
0.7471974083838822 0.16476051994278937 0.37093410351569833 -0.336722095362483
0.16476051994278937 0.6405313841996969 0.3281320538246375 -0.17347400273866773
0.37093410351569833 0.3281320538246375 1.738536278527314 0.28555635206920843
-0.336722095362483 -0.17347400273866773 0.28555635206920843 1.8587809108946873

# Matrix 11
0.5556823384042802 -0.2605722898383809 0.11193673345465736 -0.10418831120223465
-0.2605722898383809 1.140272317758082 -0.5537539681321693 0.04046467434763799
0.11193673345465736 -0.5537539681321693 0.9924274726576232 -0.09205861871662543
-0.10418831120223465 0.04046467434763799 -0.09205861871662543 2.4720136998681137

# Matrix 12
0.8067569238683988 0.10295317554029432 -0.35595638689978976 -0.3386697921425051
0.10295317554029432 0.6707312428973886 -0.2143815277680099 -0.03711355450938281
-0.35595638689978976 -0.2143815277680099 1.3135499745574712 0.5011745060340047
-0.3386697921425051 -0.03711355450938281 0.5011745060340047 1.9478246977692741

# Matrix 13
0.8808446051514183 0.15570710381101893 -0.07232906335077402 -0.2522517686853121
0.15570710381101893 1.0252034765496354 0.1264087833381358 -0.01921744851357575
-0.07232906335077402 0.1264087833381358 1.1880266056423474 -0.058068379906816306
-0.2522517686853121 -0.01921744851357575 -0.058068379906816306 1.0574233751437383

# Matrix 14
0.1846768205055077 0.058414096881886625 -0.08089156737178685 -0.015880411156203447
0.058414096881886625 1.7148751223329313 -0.5470023220964466 0.4556638310988559
-0.08089156737178685 -0.5470023220964466 1.8856871281266765 -0.8639720714893758
-0.015880411156203447 0.4556638310988559 -0.8639720714893758 2.3299760117559556

# Matrix 15
0.3334058877015318 -0.02269851619490246 -0.12084928176585355 -0.10185615341403559
-0.02269851619490246 0.86041231560044 -0.1853083214737972 -0.20661071313772525
-0.12084928176585355 -0.1853083214737972 1.6777779696414241 -0.033416342576820045
-0.10185615341403559 -0.20661071313772525 -0.033416342576820045 2.288895158418515

# Matrix 16
0.4631858299042922 0.21862732763883816 0.07154741841570433 0.01598613026658069
0.21862732763883816 1.1276894112427291 -0.29240960034265107 0.19567410610360966
0.07154741841570433 -0.29240960034265107 1.0731956593945529 0.261329749161587
0.01598613026658069 0.19567410610360966 0.261329749161587 2.3401798088672656

# Matrix 17
0.43099473144240097 -0.15656740103095232 0.21425387065063287 0.20475398383976873
-0.15656740103095232 0.4706905965878032 -0.26731562760775346 -0.20420628860587436
0.21425387065063287 -0.26731562760775346 2.839466026366954 -0.15498688284776538
0.20475398383976873 -0.20420628860587436 -0.15498688284776538 2.2946442815798

# Matrix 18
0.18642819036464428 0.04409722134058091 0.026048157063628275 -0.08925298557834219
0.04409722134058091 0.9256975063987094 0.02294566214769811 -0.10617198914577201
0.026048157063628275 0.02294566214769811 2.0835902585461485 -0.26706389118125656
-0.08925298557834219 -0.10617198914577201 -0.26706389118125656 2.899492917688959

# Matrix 19
0.7833310370433135 -0.11347460040708923 0.37350127590237625 -0.3341450369359892
-0.11347460040708923 1.2752148523303461 0.45080952938995683 -0.3580505283458535
0.37350127590237625 0.45080952938995683 1.1480507807541396 -0.6884941688887682
-0.3341450369359892 -0.3580505283458535 -0.6884941688887682 1.76995615880825

# Matrix 20
0.32261173792629555 -0.010345557410099128 -0.029861727733115115 0.14814067686703358
-0.010345557410099128 0.33688479708581426 -0.11202915186123626 0.008885047240531997
-0.029861727733115115 -0.11202915186123626 2.346030868841525 0.4573196515642377
0.14814067686703358 0.008885047240531997 0.4573196515642377 4.161841923272217

# Matrix 21
0.7496147603854847 -0.08039220433676976 -0.3413739183291174 0.24070421494263794
-0.08039220433676976 1.2661222926380447 -0.05482207201777841 0.5512316288142999
-0.3413739183291174 -0.05482207201777841 1.1539282279488514 -0.27863175615240343
0.24070421494263794 0.5512316288142999 -0.27863175615240343 1.427964505469801

# Matrix 22
0.5711286697178708 0.02185500230617761 0.15169087401183423 -0.0376983644020545
0.02185500230617761 1.0464780742899595 0.11809729346212855 0.3610931808913928
0.15169087401183423 0.11809729346212855 1.446260278804631 -0.520569118162907
-0.0376983644020545 0.3610931808913928 -0.520569118162907 1.5460856513179422

# Matrix 23
0.41156615715524936 -0.1400049836224149 0.07681975514576644 0.1060360569581905
-0.1400049836224149 0.6942655137364471 -0.30325410974337114 -0.19146349663487733
0.07681975514576644 -0.30325410974337114 1.831532087154906 0.4169198197866422
0.1060360569581905 -0.19146349663487733 0.4169198197866422 2.3413194307257417

# Matrix 24
0.7092306188747576 0.1554604015762471 -0.23857519326912197 0.3516385622415554
0.1554604015762471 1.2474016738020168 -0.5561679458056803 0.6216563554096769
-0.23857519326912197 -0.5561679458056803 1.1831792737938163 -0.02146502185622402
0.3516385622415554 0.6216563554096769 -0.02146502185622402 1.8358257450958806

# Matrix 25
0.4741878237001934 -0.07726888344510817 -0.16126734213878427 -0.11517096391211654
-0.07726888344510817 0.4303998385632068 0.10308219409427155 -0.1423505610635314
-0.16126734213878427 0.10308219409427155 1.1795843293535362 -0.500276883856081
-0.11517096391211654 -0.1423505610635314 -0.500276883856081 4.868851453370068

# Matrix 26
0.3204413549924133 0.018629122167134075 -0.0014769280111296811 0.13035476940779217
0.018629122167134075 0.7013415577802863 -0.13842942619987586 0.06765679031883202
-0.0014769280111296811 -0.13842942619987586 1.2932232491271884 -0.47718228104677907
0.13035476940779217 0.06765679031883202 -0.47718228104677907 3.7492347482594397

# Matrix 27
0.3375170844516647 0.028783392294774043 -0.11460606111011724 0.0001280827218489228
0.028783392294774043 0.5183338568270148 0.0037997824080339554 -0.11768683091679581
-0.11460606111011724 0.0037997824080339554 1.4865629663410316 0.13641773460817108
0.0001280827218489228 -0.11768683091679581 0.13641773460817108 4.008573058676318

# Matrix 28
0.8563688885792937 0.22899154594863774 0.41784615634482514 -0.37270409458763615
0.22899154594863774 0.9726471277560963 0.2218237671178047 -0.22186575643530407
0.41784615634482514 0.2218237671178047 1.5271037680603832 -0.6515309589278115
-0.37270409458763615 -0.22186575643530407 -0.6515309589278115 1.3146606190195007

# Matrix 29
0.4523557108749395 0.22236396399489253 0.2022493014488537 0.18551857119958692
0.22236396399489253 0.6228917661279789 0.07380857289836373 0.15250367590450464
0.2022493014488537 0.07380857289836373 0.7626771760998841 0.08171283052834524
0.18551857119958692 0.15250367590450464 0.08171283052834524 6.498491464832043

# Matrix 30
0.9486557619917944 0.15904567072601417 0.21576438001853415 0.22044736173972151
0.15904567072601417 0.9113320054852904 0.053875326155260965 0.2736191838408658
0.21576438001853415 0.053875326155260965 0.8277145166828468 -0.13711687296999683
0.22044736173972151 0.2736191838408658 -0.13711687296999683 1.6928867610124074

# Matrix 31
0.2911941810552041 0.12450702085135969 -0.056274832856088745 0.02626105674227252
0.12450702085135969 1.469461954051204 0.19233320388892236 -0.5297915605124074
-0.056274832856088745 0.19233320388892236 1.3143920562499787 -0.31578757333540314
0.02626105674227252 -0.5297915605124074 -0.31578757333540314 2.15863118351492

# Matrix 32
0.3639762045189445 0.01474291906654405 -0.18173126847069157 -0.07810629388175222
0.01474291906654405 0.39307544065603406 0.1413117397908926 -0.037447205058406215
-0.18173126847069157 0.1413117397908926 1.8837805243810746 -0.5818674930998678
-0.07810629388175222 -0.037447205058406215 -0.5818674930998678 4.2632203822171855

# Matrix 33
0.37436457923199923 0.16933193066799296 -0.0494333990375781 0.17661532204239197
0.16933193066799296 0.9674497176256587 0.29668139318732467 -0.13597016862989506
-0.0494333990375781 0.29668139318732467 1.3702626550035026 0.2003093843748809
0.17661532204239197 -0.13597016862989506 0.2003093843748809 2.6078677112609987

# Matrix 34
0.839158936067628 0.4155326574758201 -0.28124315502421326 0.27513883887913326
0.4155326574758201 1.0423976281055505 -0.2034299720981195 -0.2618296708413139
-0.28124315502421326 -0.2034299720981195 1.284482985958589 -0.16149227585546602
0.27513883887913326 -0.2618296708413139 -0.16149227585546602 1.489702226600218

# Matrix 35
0.6758282168747954 0.21873588448712972 -0.2847964477460968 0.2906990364687047
0.21873588448712972 0.7560341524390642 -0.31088737845137465 0.1951239555337832
-0.2847964477460968 -0.31088737845137465 1.827551148511383 -0.49437331549508173
0.2906990364687047 0.1951239555337832 -0.49437331549508173 1.5288652656096975

# Matrix 36
1.0059353272259652 -0.4290328669629668 -0.052001494391882244 -0.3985272096112085
-0.4290328669629668 1.1880240017554133 0.056285733470775014 -0.23230281518230964
-0.052001494391882244 0.056285733470775014 0.8285621201630428 -0.21154097894780236
-0.3985272096112085 -0.23230281518230964 -0.21154097894780236 1.5761230203871142

# Matrix 37
0.12081291437391395 -0.05745079365450193 0.036695920980980984 -0.0314474284188223
-0.05745079365450193 1.9434856805480258 0.8596227849161181 -0.8819302319820742
0.036695920980980984 0.8596227849161181 2.3996977724949846 -1.148938487229364
-0.0314474284188223 -0.8819302319820742 -1.148938487229364 2.869204749097984

# Matrix 38
0.3568949390248677 -0.13176019171711356 0.03320842398799921 -0.03911948725334431
-0.13176019171711356 0.8092617067896575 0.20990594827324832 -0.3216177509665222
0.03320842398799921 0.20990594827324832 2.112780014298141 -0.8245670957579833
-0.03911948725334431 -0.3216177509665222 -0.8245670957579833 2.209777054245796

# Matrix 39
0.5294917712168549 -0.0686424756599748 0.22858766661497387 -0.10530232013713194
-0.0686424756599748 0.6769068572854376 -0.1600290127658752 -0.2430803694148855
0.22858766661497387 -0.1600290127658752 1.6225891156272862 -0.5549253142795981
-0.10530232013713194 -0.2430803694148855 -0.5549253142795981 2.215336138591088

# Matrix 40
0.6298752911679204 0.2714155252336762 -0.04664970469894682 -0.05198372810683886
0.2714155252336762 1.1295714024598307 0.017977724246291973 0.2124349838981573
-0.04664970469894682 0.017977724246291973 1.6804213813930287 0.8023533463786787
-0.05198372810683886 0.2124349838981573 0.8023533463786787 1.3666414410032606

# Matrix 41
0.857503544227484 0.2618936447880666 0.40115143715584944 -0.16812714962131978
0.2618936447880666 1.1941470029694379 -0.27530741924384283 -0.5090352891299543
0.40115143715584944 -0.27530741924384283 1.3119270580146014 0.5553329517418261
-0.16812714962131978 -0.5090352891299543 0.5553329517418261 1.512053520209002

# Matrix 42
0.6540608055562355 0.20364372816304724 0.3186672546620706 0.12442611984433527
0.20364372816304724 0.8488486694175077 0.19712378888780957 -0.09723410807313022
0.3186672546620706 0.19712378888780957 1.2929479520474378 -0.19423168897232485
0.12442611984433527 -0.09723410807313022 -0.19423168897232485 1.827024462117392

# Matrix 43
0.8144037848930877 -0.10956489726309175 -0.22809680211775757 -0.04485360229802155
-0.10956489726309175 0.9236754588834606 0.46277312448147284 0.3986773644756393
-0.22809680211775757 0.46277312448147284 1.5670666709762955 -0.11178308055841757
-0.04485360229802155 0.3986773644756393 -0.11178308055841757 1.2875551046267624

# Matrix 44
1.072460425796282 0.5281350346568982 0.12246308377483289 -0.34163498568274
0.5281350346568982 0.8198846837433902 0.06572354931631708 -0.17041178099386495
0.12246308377483289 0.06572354931631708 1.0894520444905662 -0.35151384817991577
-0.34163498568274 -0.17041178099386495 -0.35151384817991577 1.7484747405995216

# Matrix 45
0.7294494507401051 0.3512906343012447 0.1820347502854376 0.09869259827827843
0.3512906343012447 0.7905693060640213 0.2890434839141217 0.038022777836810344
0.1820347502854376 0.2890434839141217 1.5897028201336427 0.5416019185369499
0.09869259827827843 0.038022777836810344 0.5416019185369499 1.6880064343979593

# Matrix 46
0.35812956529709006 0.09995398416153402 -0.07416016300065773 0.09423545307134808
0.09995398416153402 1.1282508003936043 -0.42153522612704997 -0.41858696620074703
-0.07416016300065773 -0.42153522612704997 1.6878530086219508 -0.4456322274405126
0.09423545307134808 -0.41858696620074703 -0.4456322274405126 2.093713223341512

# Matrix 47
0.5315285528349811 0.2612825593495453 -0.12470545370009148 -0.035960141620804374
0.2612825593495453 0.8518492483545468 0.1173381777561105 -0.08051435191191841
-0.12470545370009148 0.1173381777561105 1.2696512744042432 -0.4450490105022236
-0.035960141620804374 -0.08051435191191841 -0.4450490105022236 2.3422147478099804

# Matrix 48
0.7044049646516037 0.3026555544042953 0.16791057669904041 0.2042701832617794
0.3026555544042953 1.5423272067481704 -0.34289511564065767 -0.24710328183962335
0.16791057669904041 -0.34289511564065767 1.172142342740764 0.009707633269088363
0.2042701832617794 -0.24710328183962335 0.009707633269088363 1.152433725725778

# Matrix 49
0.4328384965912938 0.0988298814395639 0.06213190874783823 0.03031516469764112
0.0988298814395639 1.0606074056930364 0.2974348796384042 0.2295534438857575
0.06213190874783823 0.2974348796384042 1.0477059505619082 0.20675966725089356
0.03031516469764112 0.2295534438857575 0.20675966725089356 2.3855295912196546

# Matrix 50
0.47436633931723415 0.21984503452574922 0.11605711372943375 -0.21138942285498932
0.21984503452574922 1.5554178833255778 -0.10886408122249115 0.41537860237271823
0.11605711372943375 -0.10886408122249115 1.2048021744409334 -0.5269509968639843
-0.21138942285498932 0.41537860237271823 -0.5269509968639843 1.6784111993481177

# Matrix 51
0.6999713600191947 0.2058468336065431 0.12767168036468549 0.0514446474379735
0.2058468336065431 0.9657342820718711 0.007262779951298915 0.2706778922794399
0.12767168036468549 0.007262779951298915 1.0051097917526353 -0.2569816003373962
0.0514446474379735 0.2706778922794399 -0.2569816003373962 1.7528237465249363

# Matrix 52
0.5667738941342377 0.17820552918949056 0.017717463536238563 -0.201586316012073
0.17820552918949056 0.8736912425403209 -0.21848398813722628 -0.1090402909990405
0.017717463536238563 -0.21848398813722628 0.8671249117277373 -0.3270589788019188
-0.201586316012073 -0.1090402909990405 -0.3270589788019188 2.8921419882517294

# Matrix 53
0.5686215836067946 -0.11027845045078354 -0.1351990158899157 0.12553385656769744
-0.11027845045078354 0.905816065958014 0.374357590045633 -0.2801172061585249
-0.1351990158899157 0.374357590045633 1.350575087339783 0.36167510516124046
0.12553385656769744 -0.2801172061585249 0.36167510516124046 1.989884633111651

# Matrix 54
0.672940548620438 -0.01921402297452969 0.24645339492854312 0.024645025631432744
-0.01921402297452969 0.7486229736231362 0.158680119508957 0.24275072131710115
0.24645339492854312 0.158680119508957 1.2558635979075579 -0.4936569119854897
0.024645025631432744 0.24275072131710115 -0.4936569119854897 2.114224229944801

# Matrix 55
0.21509610405612004 0.08708806855084744 -0.03213870727713481 0.09481944066197849
0.08708806855084744 1.0530381414207817 -0.24790463072671357 -0.15134855828230315
-0.03213870727713481 -0.24790463072671357 1.6806136806189111 -0.4763809135756041
0.09481944066197849 -0.15134855828230315 -0.4763809135756041 3.0519569751270867

# Matrix 56
0.9417601146934489 0.08661453726715804 0.11823326443833279 -0.07569876156902891
0.08661453726715804 0.7676300689975427 0.24957510335424418 -0.02834748637747352
0.11823326443833279 0.24957510335424418 1.0317517406802688 0.1565811146986974
-0.07569876156902891 -0.02834748637747352 0.1565811146986974 1.5223821914423135

# Matrix 57
0.6589727636436319 -0.09772784387310646 -0.3266281021177863 0.23471955844172002
-0.09772784387310646 0.8526509180157837 0.3005188746600152 -0.36058129125651844
-0.3266281021177863 0.3005188746600152 1.3783772976692443 -0.5634456309348842
0.23471955844172002 -0.36058129125651844 -0.5634456309348842 1.90434318361261

# Matrix 58
0.8362610134183622 0.15599508694492656 -0.14496051052347964 0.10898280246033254
0.15599508694492656 0.6749134524166901 -0.3286098290335271 -0.18429047678543548
-0.14496051052347964 -0.3286098290335271 1.5600928178315834 0.015343829503069298
0.10898280246033254 -0.18429047678543548 0.015343829503069298 1.4098678173831878

# Matrix 59
0.7338976944587898 0.3543802092735915 0.25493447270361996 0.2591189044894827
0.3543802092735915 0.8885413670309805 0.10078009672418935 -0.1068699168184666
0.25493447270361996 0.10078009672418935 1.3501782634961332 0.4159334490649864
0.2591189044894827 -0.1068699168184666 0.4159334490649864 1.753324018174336

# Matrix 60
0.8266179679540042 0.02933418577403799 0.12176684823639695 -0.02467339874876203
0.02933418577403799 0.698155287654255 -0.19089393626621076 0.0002841512965693847
0.12176684823639695 -0.19089393626621076 0.9845997656981167 -0.4232728510614552
-0.02467339874876203 0.0002841512965693847 -0.4232728510614552 2.0963509494446906

# Matrix 61
1.126147664759665 0.3221541892014234 -0.46961648085405483 -0.44262213503346126
0.3221541892014234 0.992173942996136 -0.5336800524398179 -0.08531643037420786
-0.46961648085405483 -0.5336800524398179 1.378291460922402 -0.14854530228662194
-0.44262213503346126 -0.08531643037420786 -0.14854530228662194 1.25590063684137

# Matrix 62
0.7551510346342251 -0.13376337734208302 0.10671487129560454 0.1541693879922823
-0.13376337734208302 0.9915720648672158 -0.27843178539391183 0.016156604169858473
0.10671487129560454 -0.27843178539391183 1.0587382453601313 0.1237974674068244
0.1541693879922823 0.016156604169858473 0.1237974674068244 1.4513036715610048

# Matrix 63
0.4083695936484 0.09669839497896911 0.08271009763002526 -0.10856454397512648
0.09669839497896911 1.1526320246344666 -0.07572784045178528 -0.10726427845704956
0.08271009763002526 -0.07572784045178528 0.8678202585054597 -0.15180451135574785
-0.10856454397512648 -0.10726427845704956 -0.15180451135574785 2.628072046181941

# Matrix 64
0.6400761237636519 0.3125961438720965 -0.24895199675956375 0.22959278516361845
0.3125961438720965 0.6895014926055876 0.015175093706966541 0.30144638878734836
-0.24895199675956375 0.015175093706966541 1.516663377218656 -0.668683275793413
0.22959278516361845 0.30144638878734836 -0.668683275793413 2.5347650719231978

# Matrix 65
1.3417627446503313 0.5086254806485984 -0.07496831844090059 0.49083734854516137
0.5086254806485984 1.1007931020776855 -0.24187816860166844 0.2818982355820085
-0.07496831844090059 -0.24187816860166844 0.7155655402218404 -0.016215688692054853
0.49083734854516137 0.2818982355820085 -0.016215688692054853 1.4328031427167216

# Matrix 66
0.46966349777366034 -0.04251440480730049 0.09222566429639104 -0.21537839475268022
-0.04251440480730049 0.6532231814815412 0.13007905120471405 0.2719312741742653
0.09222566429639104 0.13007905120471405 1.5117784741410627 0.22544698732436172
-0.21537839475268022 0.2719312741742653 0.22544698732436172 2.4675434312633824

# Matrix 67
0.6624384942081654 0.07783652749033948 0.0642400251156091 0.27279638706780185
0.07783652749033948 0.5886105404782349 0.0383282502837111 -0.2437062587031846
0.0642400251156091 0.0383282502837111 1.1499925664154138 -0.40688573873069356
0.27279638706780185 -0.2437062587031846 -0.40688573873069356 2.6779919391825056

# Matrix 68
1.0381089361924984 -0.518071279993629 -0.3068798121075659 0.29160756047216274
-0.518071279993629 1.0563265882088175 0.11914913121960678 -0.24951002742799439
-0.3068798121075659 0.11914913121960678 0.9035066782909665 -0.1787440031873701
0.29160756047216274 -0.24951002742799439 -0.1787440031873701 1.5952876793066646

# Matrix 69
0.6735434227578555 -0.28549472983988433 0.11872399631411786 0.22977824469237962
-0.28549472983988433 0.812194956115816 0.0431257122978039 0.056353810785101786
0.11872399631411786 0.0431257122978039 0.9410475122631434 0.46810970772829885
0.22977824469237962 0.056353810785101786 0.46810970772829885 2.6619840418452068

# Matrix 70
0.48010102272272936 0.20453896063547528 -0.11317006565227507 -0.12067876937553795
0.20453896063547528 0.8415596768289368 0.05021732638994782 -0.291104148485625
-0.11317006565227507 0.05021732638994782 1.4901015528367887 0.503641955814068
-0.12067876937553795 -0.291104148485625 0.503641955814068 2.186642149226429

# Matrix 71
0.2795572528725714 -0.056578555535073675 0.1322229902999145 -0.10334119777436912
-0.056578555535073675 0.396488982746428 -0.21685973841816739 -0.06988953840899939
0.1322229902999145 -0.21685973841816739 2.700310669046391 -0.26721599500521503
-0.10334119777436912 -0.06988953840899939 -0.26721599500521503 3.738769818794824

# Matrix 72
0.43868665353974834 0.06590760699979449 -0.17830699698692706 0.1728445406321965
0.06590760699979449 1.0758158119929098 -0.2757178569562634 0.20668457201837992
-0.17830699698692706 -0.2757178569562634 1.7957426458291397 0.08537632505297447
0.1728445406321965 0.20668457201837992 0.08537632505297447 1.4065675094449646

# Matrix 73
0.63255817177141 -0.30972041166236575 -0.146904026311055 -0.08843498404086517
-0.30972041166236575 1.1658128354922108 -0.26073221068787045 -0.2742846677458195
-0.146904026311055 -0.26073221068787045 1.2957820931442123 -0.26392746771232223
-0.08843498404086517 -0.2742846677458195 -0.26392746771232223 1.5953490391262724

# Matrix 74
0.5913756447273459 -0.04834378890776842 -0.2893724314570966 0.1770010238700239
-0.04834378890776842 1.192017954405803 0.597178132838204 0.3225226460717439
-0.2893724314570966 0.597178132838204 1.2985476813105004 -0.21460409161502608
0.1770010238700239 0.3225226460717439 -0.21460409161502608 1.8617822181126624

# Matrix 75
0.3199127965182625 0.07074662307292853 0.0004816307007206239 0.14436499336969255
0.07074662307292853 1.317192164392829 0.618358867520768 0.4445813358696918
0.0004816307007206239 0.618358867520768 1.8074656803187685 -0.3080404246352225
0.14436499336969255 0.4445813358696918 -0.3080404246352225 1.9504778970086631

# Matrix 76
0.4353740849215007 0.12444273049191773 -0.0722684274163826 -0.1960687771820928
0.12444273049191773 0.6013140671418116 -0.06968959184561489 -0.21686085196374372
-0.0722684274163826 -0.06968959184561489 1.1291052396211918 0.5180529104819558
-0.1960687771820928 -0.21686085196374372 0.5180529104819558 3.9820208715363097

# Matrix 77
0.22301063497458343 0.10077111875043993 -0.01160350446445688 0.0725402733966688
0.10077111875043993 0.9561783181309649 0.363273775400196 0.44012040109285694
-0.01160350446445688 0.363273775400196 1.9917402122206875 -0.42445448715462897
0.0725402733966688 0.44012040109285694 -0.42445448715462897 3.065148860186413

# Matrix 78
0.777915814815916 -0.1591901057477618 -0.06964241388402864 0.10771011978293019
-0.1591901057477618 0.752830473419335 -0.006435276111669372 0.19205895197086753
-0.06964241388402864 -0.006435276111669372 1.0656219753901717 0.15708783086031786
0.10771011978293019 0.19205895197086753 0.15708783086031786 1.7924457269435399

# Matrix 79
0.3274612433722003 0.06151246978874144 -0.047118007045200076 0.08311400914079686
0.06151246978874144 0.5275241365000076 0.23570923114709533 -0.0332287185116268
-0.047118007045200076 0.23570923114709533 2.249162934522301 -0.6118455886603191
0.08311400914079686 -0.0332287185116268 -0.6118455886603191 2.9654262564281892

# Matrix 80
0.8866455898313138 -0.4110128748113455 0.19267155338294786 -0.39107092006638144
-0.4110128748113455 1.3267274158946707 -0.58619196613296 0.032376662322378326
0.19267155338294786 -0.58619196613296 1.0664587984546616 -0.37463687528479356
-0.39107092006638144 0.032376662322378326 -0.37463687528479356 1.5775077325682911

# Matrix 81
0.681004681700589 -0.09537487119889651 -0.1467132248342869 -0.0036104260731341983
-0.09537487119889651 1.036492300480555 -0.22602690445019785 0.3091071525829383
-0.1467132248342869 -0.22602690445019785 1.3486283173041143 -0.21379806137640556
-0.0036104260731341983 0.3091071525829383 -0.21379806137640556 1.2499672365126862

# Matrix 82
1.4310299040248433 -0.709953610924656 -0.44048948393575516 -0.5555097612018723
-0.709953610924656 1.2725022326255186 0.40660021354630393 0.047932420712113344
-0.44048948393575516 0.40660021354630393 0.9219014704134653 -0.09995431027315417
-0.5555097612018723 0.047932420712113344 -0.09995431027315417 1.3546139287850654

# Matrix 83
0.3001243583535815 0.036371230877106406 -0.04465861800487426 -0.07683429666031505
0.036371230877106406 0.6179276075428718 -0.16792594181092702 -0.15122697661557635
-0.04465861800487426 -0.16792594181092702 1.7770836336012958 0.8204871578418624
-0.07683429666031505 -0.15122697661557635 0.8204871578418624 3.541015511288162

# Matrix 84
0.5450895083359021 0.13043963636915998 0.07657288509103928 0.06952325925549259
0.13043963636915998 1.3491755695113874 -0.28677374412349643 -0.08038165580490182
0.07657288509103928 -0.28677374412349643 1.0385614889047985 0.12961325314675082
0.06952325925549259 -0.08038165580490182 0.12961325314675082 1.480161538108125

# Matrix 85
0.6165165237761182 0.12535125521198887 0.13669199465056547 -0.24622912695661964
0.12535125521198887 0.6235245987908522 0.14577873976895783 -0.033179260403240304
0.13669199465056547 0.14577873976895783 1.404280637604898 0.25355523724006634
-0.24622912695661964 -0.033179260403240304 0.25355523724006634 2.175630507498663

# Matrix 86
0.6194650167143421 0.2579538158542079 -0.17808588166959174 0.0364850037363366
0.2579538158542079 0.9982744317258371 -0.42786508364874437 0.4194257311066192
-0.17808588166959174 -0.42786508364874437 1.3736575706299543 -0.741724541594846
0.0364850037363366 0.4194257311066192 -0.741724541594846 1.9941725601354043

# Matrix 87
0.5427206993719816 -0.2307783715576174 -0.18567287635995638 -0.04196429726906503
-0.2307783715576174 1.5992233127809408 0.7936108994624512 0.16254796137757535
-0.18567287635995638 0.7936108994624512 1.1931724273580409 -0.14922814325149344
-0.04196429726906503 0.16254796137757535 -0.14922814325149344 1.6406041683290837

# Matrix 88
0.8170629493847128 -0.022000569559404548 -0.2188225782346306 0.3816922982592361
-0.022000569559404548 0.6285884281348635 0.26966956598857794 -0.2677026831329008
-0.2188225782346306 0.26966956598857794 1.706969108942668 0.06020815671687407
0.3816922982592361 -0.2677026831329008 0.06020815671687407 1.598952699753644

# Matrix 89
0.522586311182163 -0.2447065288267812 0.07015939408342613 0.023841348163594844
-0.2447065288267812 1.0723296938131919 0.31705349146291373 0.05482799061475792
0.07015939408342613 0.31705349146291373 1.426315262847531 -0.5735633288139707
0.023841348163594844 0.05482799061475792 -0.5735633288139707 1.8356799146332463

# Matrix 90
0.5491646870382835 0.17277284931544934 -0.07695189031976502 0.035463090607633335
0.17277284931544934 1.2478955681926054 -0.28003762015772155 0.009593354348769016
-0.07695189031976502 -0.28003762015772155 1.092041308032727 0.07413560037703217
0.035463090607633335 0.009593354348769016 0.07413560037703217 1.4947316440460154

# Matrix 91
1.012944322591481 0.10806104885748777 0.1651871110148512 -0.2181231316686125
0.10806104885748777 1.0713091549316842 0.44160104090919855 0.14643310916350794
0.1651871110148512 0.44160104090919855 1.023141902099099 0.3225373262526242
-0.2181231316686125 0.14643310916350794 0.3225373262526242 1.3030045831913075

# Matrix 92
0.6966451983756468 -0.18011440588946884 0.2682241022021722 0.3469601426557353
-0.18011440588946884 0.6346642588508776 -0.07215657740529219 -0.3777490380792778
0.2682241022021722 -0.07215657740529219 1.6034252022076319 0.6863128085495956
0.3469601426557353 -0.3777490380792778 0.6863128085495956 2.1435986732666064

# Matrix 93
0.6200789390501229 0.24793759664501386 0.30869098157045055 0.17835837293400342
0.24793759664501386 0.965265766020791 0.5380484737268654 0.34002679910785016
0.30869098157045055 0.5380484737268654 1.7089399729644206 0.047527001336043165
0.17835837293400342 0.34002679910785016 0.047527001336043165 1.5282754140120294

# Matrix 94
0.5668050323491075 -0.05108002199748966 0.03342228195963824 0.16585208936291942
-0.05108002199748966 1.0053522634048504 0.4274733849469496 0.351435492940334
0.03342228195963824 0.4274733849469496 1.4562262543729363 -0.23036797272970494
0.16585208936291942 0.351435492940334 -0.23036797272970494 1.696491077073185

# Matrix 95
0.7457949985492957 0.10715293138745997 0.051119886923934606 -0.08111658501128358
0.10715293138745997 0.886992278390509 -0.25887390657632386 -0.3428031429416101
0.051119886923934606 -0.25887390657632386 1.1283071185073805 -0.26250707695450964
-0.08111658501128358 -0.3428031429416101 -0.26250707695450964 1.7317912417471204

# Matrix 96
1.3419142961791242 0.394893264033335 0.08041459751930376 0.25211042540996736
0.394893264033335 1.0115152909149852 -0.22876957889817498 -0.1399040572977458
0.08041459751930376 -0.22876957889817498 1.052967255310367 0.1421872248134101
0.25211042540996736 -0.1399040572977458 0.1421872248134101 0.9550780649802724

# Matrix 97
0.6921280725727585 -0.17025779602125463 0.15534454923468693 -0.2183844595152368
-0.17025779602125463 1.2623726127880577 -0.5763800826182756 0.529299585278186
0.15534454923468693 -0.5763800826182756 1.2078486213864965 0.0936134663439104
-0.2183844595152368 0.529299585278186 0.0936134663439104 1.6520680014508493

# Matrix 98
0.9991282862476968 0.06949371849116087 -0.16488012126983465 0.15643289222019394
0.06949371849116087 0.8345137620304157 0.17823271478548022 0.3237990755739952
-0.16488012126983465 0.17823271478548022 0.8901031776792139 0.028063440469651375
0.15643289222019394 0.3237990755739952 0.028063440469651375 1.6148944124637246

# Matrix 99
0.7556309668517652 0.3291791437644827 -0.08194471555457683 -0.03570863091186164
0.3291791437644827 1.1690824305297587 -0.25169528106388844 0.450492845655415
-0.08194471555457683 -0.25169528106388844 1.1855537532955622 -0.46688528664203865
-0.03570863091186164 0.450492845655415 -0.46688528664203865 1.4768238273953638

# Matrix 100
0.7702157240585132 -0.08031209462539979 -0.13025598528255372 0.3499186490253644
-0.08031209462539979 0.8093010255256758 0.26706951913559407 -0.32693796215150334
-0.13025598528255372 0.26706951913559407 1.0519615162972553 0.27630914619657054
0.3499186490253644 -0.32693796215150334 0.27630914619657054 2.1635479856010655

# Matrix 101
0.4563217790068333 -0.09984086926841311 -0.092240091314255 -0.08722393938007611
-0.09984086926841311 1.1342380645446333 0.3559085271583582 0.5361969129479695
-0.092240091314255 0.3559085271583582 1.1651401421235652 -0.34855516982531387
-0.08722393938007611 0.5361969129479695 -0.34855516982531387 2.4028996846674304

# Matrix 102
0.29537088160743286 0.021274814078311735 -0.030061113640089378 -0.06330813923048977
0.021274814078311735 0.3358300327258775 -0.11965596000663127 -0.028594088676520683
-0.030061113640089378 -0.11965596000663127 3.1461629730723994 -0.5994675940846671
-0.06330813923048977 -0.028594088676520683 -0.5994675940846671 3.401983024690131

# Matrix 103
1.1713390192634663 0.00494490755658146 0.44991460658534316 -0.14201006547815329
0.00494490755658146 0.8854271222034302 0.23616061234860003 -0.020003385245467912
0.44991460658534316 0.23616061234860003 0.848325421688552 0.18425146581993357
-0.14201006547815329 -0.020003385245467912 0.18425146581993357 1.686212792400733

# Matrix 104
0.7988388744079682 -0.3600681934426209 -0.3419597952874833 -0.30053459171553737
-0.3600681934426209 1.0892548767818901 0.3790284204112198 0.5898383510988363
-0.3419597952874833 0.3790284204112198 1.206739428292498 0.050540987613755174
-0.30053459171553737 0.5898383510988363 0.050540987613755174 1.7137390816697846

# Matrix 105
0.6960104635658694 -0.10297586778819004 0.2753895208040179 -0.04444734714454402
-0.10297586778819004 0.5916625265490557 -0.04602520853749614 -0.1826595068914171
0.2753895208040179 -0.04602520853749614 1.7160645481324566 -0.612341008058676
-0.04444734714454402 -0.1826595068914171 -0.612341008058676 1.8373527714993232

# Matrix 106
0.5022778022096214 -0.03276913636877698 0.08783305372547241 0.09514462336722228
-0.03276913636877698 1.0132489432082423 -0.2900039465341089 -0.43648464388200126
0.08783305372547241 -0.2900039465341089 1.6191162267094343 -0.6138243750284135
0.09514462336722228 -0.43648464388200126 -0.6138243750284135 1.8638453512314275

# Matrix 107
0.6422722108393892 -0.2023601883442746 0.17399542429400164 0.2381228016165847
-0.2023601883442746 0.889672340257109 0.2589199015153849 -0.4270365348819657
0.17399542429400164 0.2589199015153849 1.172078809534253 -0.29107806059511326
0.2381228016165847 -0.4270365348819657 -0.29107806059511326 2.161606808515967

# Matrix 108
1.0587626569844018 0.44895251145635073 -0.14699649102926743 -0.07787181288204187
0.44895251145635073 1.2386526395768276 -0.4711715411401123 -0.04745009140018266
-0.14699649102926743 -0.4711715411401123 1.2481771499657217 -0.4845665897858954
-0.07787181288204187 -0.04745009140018266 -0.4845665897858954 1.0842620712326048

# Matrix 109
0.6168966891869455 0.26424697437977046 -0.24564916300726986 0.17785779765775148
0.26424697437977046 0.8645159179114643 0.21798488681500727 0.04163184720277619
-0.24564916300726986 0.21798488681500727 1.643107902662777 -0.4108404549974469
0.17785779765775148 0.04163184720277619 -0.4108404549974469 1.6622996876745209

# Matrix 110
0.5906999852711246 -0.05815558391975912 -0.19218629974780788 0.005647873040458732
-0.05815558391975912 1.2433452546717545 -0.1267385051771047 -0.030828864857874137
-0.19218629974780788 -0.1267385051771047 1.1069898761806396 0.1593109873696084
0.005647873040458732 -0.030828864857874137 0.1593109873696084 1.3564663076858663

# Matrix 111
0.6984938103401368 0.08833213638955731 -0.31163103138863846 -0.15307138949980548
0.08833213638955731 0.954417195370316 0.32736246567192917 -0.03709457204606059
-0.31163103138863846 0.32736246567192917 1.8345797807192175 0.8180019870609702
-0.15307138949980548 -0.03709457204606059 0.8180019870609702 1.3798781586251663

# Matrix 112
0.7420070859091755 -0.36354562169131804 0.09892276032301367 0.3320322603525308
-0.36354562169131804 0.8008438317678847 -0.25778576635558903 -0.3333299709629555
0.09892276032301367 -0.25778576635558903 1.1602948610844193 -0.37752350370398696
0.3320322603525308 -0.3333299709629555 -0.37752350370398696 2.4184971401970756

# Matrix 113
0.4424848672232791 -0.19766944398262637 0.19687067995469162 0.07879925022720498
-0.19766944398262637 0.5519393164186569 0.09515754123738167 -0.2619759637348029
0.19687067995469162 0.09515754123738167 2.336854736562822 0.8041173696078209
0.07879925022720498 -0.2619759637348029 0.8041173696078209 2.7027217589697328

# Matrix 114
0.3399369895835266 0.1441374628959799 0.0068134229002558685 0.0688821753852313
0.1441374628959799 0.8011115287788737 0.21854877224836086 -0.27399986088662626
0.0068134229002558685 0.21854877224836086 1.8272947969695312 0.05166779890375512
0.0688821753852313 -0.27399986088662626 0.05166779890375512 2.4022823288210597

# Matrix 115
0.465014209643034 -0.22744502657625723 -0.010782389942466402 -0.02548718533505624
-0.22744502657625723 0.6398689341470957 0.14649576018866392 0.14134014781973503
-0.010782389942466402 0.14649576018866392 2.524791453386673 -0.9207004287370608
-0.02548718533505624 0.14134014781973503 -0.9207004287370608 2.0359687788378285

# Matrix 116
0.6378639605848118 0.2769164739354607 -0.27352236825942766 0.02100967270770139
0.2769164739354607 0.8008999822480544 -0.13651152098888528 0.06057358072079907
-0.27352236825942766 -0.13651152098888528 0.9372179757348406 -0.1300052278506391
0.02100967270770139 0.06057358072079907 -0.1300052278506391 2.8326403905072697

# Matrix 117
1.0405932434597898 -0.07715920834053286 -0.3541063023573129 0.4878072629602901
-0.07715920834053286 0.9571478305290294 0.2611299324012432 -0.276672203917663
-0.3541063023573129 0.2611299324012432 0.8420648957767399 -0.35246416056399205
0.4878072629602901 -0.276672203917663 -0.35246416056399205 1.8359278008454127

# Matrix 118
0.9800295633425562 0.36939070788877393 -0.4718442501972294 0.1459043938955911
0.36939070788877393 1.1699873763655941 -0.16853141410959616 0.1470175218405514
-0.4718442501972294 -0.16853141410959616 1.3107112819316717 -0.32623192931893724
0.1459043938955911 0.1470175218405514 -0.32623192931893724 1.0044921463947567

# Matrix 119
0.5934639402768508 -0.13737717947516367 0.18783642109774532 0.07124760733131213
-0.13737717947516367 0.7077811436399271 -0.046612819277571126 0.07431756098793743
0.18783642109774532 -0.046612819277571126 1.0660215581921662 -0.2046997350122243
0.07124760733131213 0.07431756098793743 -0.2046997350122243 2.5483438035246944

# Matrix 120
0.3628395020821848 -0.15934022062398392 0.15573887539445494 0.1002352231543384
-0.15934022062398392 1.2945552967790837 0.3146560981475988 -0.6443439345225711
0.15573887539445494 0.3146560981475988 1.7193124833982711 0.17247617157170558
0.1002352231543384 -0.6443439345225711 0.17247617157170558 1.8560870168440171

# Matrix 121
0.4381272827663495 -0.21010826992897436 -0.04488271632909255 -0.1374359070488293
-0.21010826992897436 0.6241941645677387 0.24092672335169932 0.08246492186854469
-0.04488271632909255 0.24092672335169932 1.3723328897336515 0.46913343625741694
