# Matrix 1
0.5856602928103427 -0.0634149695769221 -0.1950698272591636 -0.06959608720543993 -0.22473421298851393 0.1061606032185914
-0.0634149695769221 0.7995797794916613 -0.11774718678088832 -0.09904037702301828 0.32602976830788655 0.01976564743183814
-0.1950698272591636 -0.11774718678088832 0.97423468675325 0.06769867091820435 0.3905147316877758 -0.12927634355687267
-0.06959608720543993 -0.09904037702301828 0.06769867091820435 0.8706371227128417 -0.35641106297869135 -0.19599946549773736
-0.22473421298851393 0.32602976830788655 0.3905147316877758 -0.35641106297869135 1.2162065873365848 0.004653032205935802
0.1061606032185914 0.01976564743183814 -0.12927634355687267 -0.19599946549773736 0.004653032205935802 4.087611424257443

# Matrix 2
1.0103292421830041 -0.48452850087401544 0.3157535694239468 0.01746203916319852 -0.1287663496557993 -0.3114027923060479
-0.48452850087401544 0.7905186083776676 0.12214713871969887 -0.041440285742530954 -0.0015873046833722745 -0.009111550232900962
0.3157535694239468 0.12214713871969887 1.317187682108925 -0.16825049926610838 0.004518251994173883 0.2631564472487773
0.01746203916319852 -0.041440285742530954 -0.16825049926610838 0.9809854099788163 0.24065632400776407 -0.38080242274243914
-0.1287663496557993 -0.0015873046833722745 0.004518251994173883 0.24065632400776407 1.5233295081106284 -0.1914266746123558
-0.3114027923060479 -0.009111550232900962 0.2631564472487773 -0.38080242274243914 -0.1914266746123558 1.6499269143709239

# Matrix 3
1.053944996356832 0.017820722618386794 0.009152535353355067 0.16757298692642725 0.348691656529828 0.16791936631136292
0.017820722618386794 1.090622747435858 -0.4050922764364045 -0.2968316217751128 0.22215150614905138 -0.4720721562542472
0.009152535353355067 -0.4050922764364045 1.0910113042304377 0.4830795630815809 -0.41452746282450487 -0.26906005258194954
0.16757298692642725 -0.2968316217751128 0.4830795630815809 0.9468675781810661 0.08720938691176128 -0.2250882888983852
0.348691656529828 0.22215150614905138 -0.41452746282450487 0.08720938691176128 1.380802064935988 0.4884651206002671
0.16791936631136292 -0.4720721562542472 -0.26906005258194954 -0.2250882888983852 0.4884651206002671 1.9895990686499319

# Matrix 4
0.9703045311739531 -0.40411809288693246 0.45861605951761314 -0.44635517291318916 -0.21593903580551177 0.0493183818872909
-0.40411809288693246 1.042314288774345 0.23313809415599937 0.4679879486918329 0.3809006754816113 -0.11414397156336266
0.45861605951761314 0.23313809415599937 1.019013930193577 -0.025502154424036354 -0.23965164972216216 -0.049024744731504775
-0.44635517291318916 0.4679879486918329 -0.025502154424036354 1.2562216147607663 0.3707679960701966 0.02359608662076575
-0.21593903580551177 0.3809006754816113 -0.23965164972216216 0.3707679960701966 1.451426368126025 0.2840657728569995
0.0493183818872909 -0.11414397156336266 -0.049024744731504775 0.02359608662076575 0.2840657728569995 1.9216026269323683

# Matrix 5
0.3204298553458733 -0.07421218934053354 -0.11589042473390533 0.015020018679369772 -0.020666073420079572 0.06972195514787613
-0.07421218934053354 0.6373078841492326 -0.1417725113080827 0.20811896649634615 0.28958569828351194 -0.03833874729376702
-0.11589042473390533 -0.1417725113080827 1.0965714357946401 0.38372811893779885 0.13350823714335053 -0.4264735702527899
0.015020018679369772 0.20811896649634615 0.38372811893779885 1.8594389704816812 0.06228926919619932 0.17013629049252124
-0.020666073420079572 0.28958569828351194 0.13350823714335053 0.06228926919619932 1.6767836324704666 0.2561357494469208
0.06972195514787613 -0.03833874729376702 -0.4264735702527899 0.17013629049252124 0.2561357494469208 2.4584579386601155

# Matrix 6
0.7104482968738529 -0.3455973698474808 -0.3047456648194411 -0.0904888923788234 0.1179051201420544 -0.3224173501568851
-0.3455973698474808 0.994588829230396 0.03863409461037446 0.18390885775477012 -0.14058913238647977 0.33949177764219957
-0.3047456648194411 0.03863409461037446 1.1210634936998765 -0.11094992912794775 -0.31013087759327274 -0.14175740671148426
-0.0904888923788234 0.18390885775477012 -0.11094992912794775 1.3245253432849482 0.565131659818728 0.256077570306314
0.1179051201420544 -0.14058913238647977 -0.31013087759327274 0.565131659818728 1.4762339742515143 0.3132326031783246
-0.3224173501568851 0.33949177764219957 -0.14175740671148426 0.256077570306314 0.3132326031783246 1.5422522495894193

# Matrix 7
0.3331548919506595 0.13173124764454383 -0.09190467039124482 -0.05073649373797425 -0.08730136824397472 0.1451070302731678
0.13173124764454383 1.14172029784352 0.1970225350669738 0.33019085863886977 0.2670530024679318 -0.018339658662483393
-0.09190467039124482 0.1970225350669738 1.0971512634849296 0.5670924838675852 0.13254265345133376 -0.2100309826547227
-0.05073649373797425 0.33019085863886977 0.5670924838675852 2.035306931003032 0.01893168421550073 -0.9287275432518348
-0.08730136824397472 0.2670530024679318 0.13254265345133376 0.01893168421550073 1.6700981776281185 0.6469935734311371
0.1451070302731678 -0.018339658662483393 -0.2100309826547227 -0.9287275432518348 0.6469935734311371 1.78462223436906

# Matrix 8
0.8067402751277064 -0.20316401026467776 0.03338999934768625 -0.19428054592917865 -0.011383461725690679 0.11272307290355281
-0.20316401026467776 0.9505209998184119 0.4121281119113535 -0.29384988050138333 -0.3581019202543738 -0.3951009295740563
0.03338999934768625 0.4121281119113535 1.179094919992111 0.2788485209673128 -0.19393973611195334 -0.47421324653930313
-0.19428054592917865 -0.29384988050138333 0.2788485209673128 1.3389555832203157 -0.10947289498645084 0.06622882953477702
-0.011383461725690679 -0.3581019202543738 -0.19393973611195334 -0.10947289498645084 1.6219840677510053 -0.39875359790578646
0.11272307290355281 -0.3951009295740563 -0.47421324653930313 0.06622882953477702 -0.39875359790578646 1.5033609646998172

# Matrix 9
1.1066154971104971 -0.5106061847122636 0.13184358231967844 0.13703984767441169 0.23790325901371495 -0.3548301106210956
-0.5106061847122636 0.9758720108816921 -0.42385628337013 -0.031112225928333834 -0.31798842763837853 -0.031109870105030947
0.13184358231967844 -0.42385628337013 1.0384411275491088 0.315959363058563 -0.09173583757354228 -0.14536804180807478
0.13703984767441169 -0.031112225928333834 0.315959363058563 1.2631383896614519 0.14564924572466756 -0.40680639431225324
0.23790325901371495 -0.31798842763837853 -0.09173583757354228 0.14564924572466756 1.3359283611498485 0.3980675236583535
-0.3548301106210956 -0.031109870105030947 -0.14536804180807478 -0.40680639431225324 0.3980675236583535 1.572370748789537

# Matrix 10
0.9661689224159205 -0.2996790758310182 -0.10531610656020746 0.03412816809381739 -0.18042510604087778 -0.13218810611827855
-0.2996790758310182 0.9979512330194372 0.16646728655727802 -0.3397283364596488 -0.02865541688558662 0.07172731015730623
-0.10531610656020746 0.16646728655727802 0.7790661604826865 -0.028887999756722023 0.07453261945142525 0.0569907086856022
0.03412816809381739 -0.3397283364596488 -0.028887999756722023 0.9430260887258026 0.15793155293858738 -0.09285022887784602
-0.18042510604087778 -0.02865541688558662 0.07453261945142525 0.15793155293858738 1.2296956603332319 0.04080481301916387
-0.13218810611827855 0.07172731015730623 0.0569907086856022 -0.09285022887784602 0.04080481301916387 1.6329461471494302

# Matrix 11
0.5189387350796942 -0.18988312256294393 -0.015835403037162573 0.14508533853103422 0.24881091168299155 -0.023754590897491552
-0.18988312256294393 0.9340625604918968 0.13268045761646483 -0.11509877054306647 -0.15998949309183613 0.29408078329706683
-0.015835403037162573 0.13268045761646483 0.9049918467943205 -0.23498803825564235 0.2144920722273125 -0.008293590689507606
0.14508533853103422 -0.11509877054306647 -0.23498803825564235 0.9576486701482381 -0.10159404896959004 0.27659717263029254
0.24881091168299155 -0.15998949309183613 0.2144920722273125 -0.10159404896959004 1.460810601924023 -0.65594104553644
-0.023754590897491552 0.29408078329706683 -0.008293590689507606 0.27659717263029254 -0.65594104553644 2.784848970678194

# Matrix 12
0.6119786235169505 -0.13307836609956064 -0.005494388927943706 0.01849192975968185 0.13033183605399498 -0.24505065697245884
-0.13307836609956064 0.7758029437867894 0.2296493313982082 -0.3555427380573852 -0.07464849885413426 -0.05410830155022612
-0.005494388927943706 0.2296493313982082 0.9011372444700284 -0.4085144340211291 0.19610615405678308 0.3240562593504203
0.01849192975968185 -0.3555427380573852 -0.4085144340211291 0.9046926028574835 -0.2906000446430728 -0.07025275118500965
0.13033183605399498 -0.07464849885413426 0.19610615405678308 -0.2906000446430728 2.042507463189496 0.21119768239013217
-0.24505065697245884 -0.05410830155022612 0.3240562593504203 -0.07025275118500965 0.21119768239013217 2.519929422662233

# Matrix 13
0.9220544126139386 -0.4025118388148909 0.09602119522260699 0.20989917611322334 0.3895434609174481 0.24171189813143576
-0.4025118388148909 1.0619385970181399 -0.05682551917949874 -0.3333421897426394 0.18073197105534838 0.1850816284941749
0.09602119522260699 -0.05682551917949874 1.007276251668542 0.3431416870264041 0.27117159870742935 -0.019623370112670704
0.20989917611322334 -0.3333421897426394 0.3431416870264041 0.9710946553190266 0.27184024273905705 -0.1596507228264477
0.3895434609174481 0.18073197105534838 0.27117159870742935 0.27184024273905705 1.4321491269390236 0.5845442076444937
0.24171189813143576 0.1850816284941749 -0.019623370112670704 -0.1596507228264477 0.5845442076444937 1.939375221465063

# Matrix 14
0.4829271860029058 0.009171788945005161 -0.18886509949645813 -0.17201481233550683 -0.17797070404805118 -0.22811364797657455
0.009171788945005161 0.8331283012951693 -0.37819346035758455 -0.13112702924734992 -0.06884453653338783 -0.18866480966981267
-0.18886509949645813 -0.37819346035758455 1.222933267574228 -0.32464792089525485 0.03187478168591228 -0.019715515958528846
-0.17201481233550683 -0.13112702924734992 -0.32464792089525485 1.146920201585931 0.4182789570306347 -0.23203101716646676
-0.17797070404805118 -0.06884453653338783 0.03187478168591228 0.4182789570306347 1.6429583812874324 -0.46576707231834635
-0.22811364797657455 -0.18866480966981267 -0.019715515958528846 -0.23203101716646676 -0.46576707231834635 2.5511048226589765

# Matrix 15
0.7135967818844644 -0.03858828129272091 -0.14304288521400546 -0.1205272322345923 -0.14460104642822144 0.2782147528362187
-0.03858828129272091 0.6003571355871159 0.1951335323402471 0.17289851601673983 0.03398107615040134 0.1706356779678417
-0.14304288521400546 0.1951335323402471 0.7722533323911628 -0.03178934119964168 -0.2629243810881252 0.12599728231430085
-0.1205272322345923 0.17289851601673983 -0.03178934119964168 1.7798600863594312 0.6256520599620119 0.40885660074661123
-0.14460104642822144 0.03398107615040134 -0.2629243810881252 0.6256520599620119 1.4431866460350737 0.05727535676002085
0.2782147528362187 0.1706356779678417 0.12599728231430085 0.40885660074661123 0.05727535676002085 2.1193155656314144

# Matrix 16
0.8386620734012943 -0.16525656531456337 0.16786541032147162 0.3707779601549077 -0.315918846305929 0.25684066925342325
-0.16525656531456337 0.9095983886457477 0.2812098169205879 0.30587663896227213 0.3434726071841045 0.1331300811457962
0.16786541032147162 0.2812098169205879 0.9691895535171866 -0.026904687797529546 0.1389220713288739 0.25722027235206213
0.3707779601549077 0.30587663896227213 -0.026904687797529546 1.6565285419061466 0.16824314580275862 0.5631552747735488
-0.315918846305929 0.3434726071841045 0.1389220713288739 0.16824314580275862 1.4986965780635648 -0.18441636673913178
0.25684066925342325 0.1331300811457962 0.25722027235206213 0.5631552747735488 -0.18441636673913178 1.375447125338458

# Matrix 17
0.3252006070786036 0.06993744753526891 0.004202718814762495 -0.13688480059612454 0.057359447298663685 0.15311534106723512
0.06993744753526891 1.7730277531926646 -0.69048034631887 -0.7719143393584926 0.7868448354841723 0.6367671923482838
0.004202718814762495 -0.69048034631887 1.6985037148319058 -0.42177748646462954 0.3224638684506755 -0.2896750909850453
-0.13688480059612454 -0.7719143393584926 -0.42177748646462954 1.5517977705551078 -0.3493697451651371 -0.015591827186195098
0.057359447298663685 0.7868448354841723 0.3224638684506755 -0.3493697451651371 2.0164111314987165 -0.23331123064273032
0.15311534106723512 0.6367671923482838 -0.2896750909850453 -0.015591827186195098 -0.23331123064273032 1.8352756727084807

# Matrix 18
0.5298069127634645 -0.25549707368521624 0.030255102304220412 -0.18877602927864962 -0.21170494494443265 -0.07878026648775016
-0.25549707368521624 0.7188268000992547 0.11735914673257543 -0.06029055815128763 0.20609912550117346 0.07517040391753822
0.030255102304220412 0.11735914673257543 1.1929620101831817 -0.6146291225829084 -0.06184889764326713 0.2894782211539437
-0.18877602927864962 -0.06029055815128763 -0.6146291225829084 1.4304994869077328 -0.018528146796264005 -0.05690434462998892
-0.21170494494443265 0.20609912550117346 -0.06184889764326713 -0.018528146796264005 1.1931128932749322 -0.193537598777569
-0.07878026648775016 0.07517040391753822 0.2894782211539437 -0.05690434462998892 -0.193537598777569 2.5548508470049907

# Matrix 19
1.0928084301310896 0.3044667971731113 0.4143046483876583 -0.5404997101158625 -0.43105155823671 -0.34271397010443194
0.3044667971731113 1.1964367927503414 -0.4160760877447203 -0.2515425037243813 -0.37243459692582936 -0.23052719277156203
0.4143046483876583 -0.4160760877447203 1.4023241749087327 -0.39984806953275653 0.1856018985831696 -0.05438414228624677
-0.5404997101158625 -0.2515425037243813 -0.39984806953275653 1.4347728943612736 -0.364043829107441 -0.17370812342750755
-0.43105155823671 -0.37243459692582936 0.1856018985831696 -0.364043829107441 1.2068058403894495 0.260114593978404
-0.34271397010443194 -0.23052719277156203 -0.05438414228624677 -0.17370812342750755 0.260114593978404 1.3978273812506252

# Matrix 20
0.3996792684329429 -0.12350540144084529 -0.0771524351155489 -0.06467219401867685 -0.02062240352462316 0.019533514105730197
-0.12350540144084529 1.073120543756217 -0.3060288553212115 -0.39688485126432316 -0.09398918998730864 -0.10415998107340488
-0.0771524351155489 -0.3060288553212115 1.0979500143470322 -0.3305779473539764 0.3748875800318505 -0.4341675735734934
-0.06467219401867685 -0.39688485126432316 -0.3305779473539764 1.5468620472077697 0.3296194894848713 0.49632553030694704
-0.02062240352462316 -0.09398918998730864 0.3748875800318505 0.3296194894848713 1.5716539750854368 0.29718766343448694
0.019533514105730197 -0.10415998107340488 -0.4341675735734934 0.49632553030694704 0.29718766343448694 2.096220509700102

# Matrix 21
0.6455160340103172 -0.2662064972064709 0.2944000103501834 0.254635164003276 0.13057729667293042 0.01062421497351221
-0.2662064972064709 0.6220612225263088 0.12980810822290495 -0.09640404596872668 -0.20929974232893098 -0.13268430193233663
0.2944000103501834 0.12980810822290495 1.1280061377074602 0.4128037027823554 -0.3999061502692808 0.29283306268251197
0.254635164003276 -0.09640404596872668 0.4128037027823554 1.794754285896632 0.4481947456819252 -0.035278248156123064
0.13057729667293042 -0.20929974232893098 -0.3999061502692808 0.4481947456819252 1.8988562720196989 -0.6806692640470584
0.01062421497351221 -0.13268430193233663 0.29283306268251197 -0.035278248156123064 -0.6806692640470584 1.8373257233848825

# Matrix 22
0.34678304747097527 -0.021770505454231495 -0.13337001628322756 0.16574042434777536 0.0330134161352469 0.020703090028598114
-0.021770505454231495 1.280881914125906 0.2781092045676333 -0.11009523118297132 -0.3970703569884814 0.4611813395536297
-0.13337001628322756 0.2781092045676333 1.0152790443921627 -0.041299202052953336 0.17841524349176216 -0.27613250456077165
0.16574042434777536 -0.11009523118297132 -0.041299202052953336 1.588305530066356 -0.44655343332938796 0.15659808036623782
0.0330134161352469 -0.3970703569884814 0.17841524349176216 -0.44655343332938796 1.409037648523953 -0.16514985152365846
0.020703090028598114 0.4611813395536297 -0.27613250456077165 0.15659808036623782 -0.16514985152365846 1.9743882670478614

# Matrix 23
0.9019821184797904 -0.33211573499746616 0.40584430165794455 0.19585273898986952 0.04165569419543161 0.31907968769373524
-0.33211573499746616 1.9347960298862845 -0.7239801967353223 0.017187797938665084 0.614205218792314 0.6458437400228694
0.40584430165794455 -0.7239801967353223 1.7285991160639285 0.41985905270695256 -0.5779917056881815 -0.19231996832518064
0.19585273898986952 0.017187797938665084 0.41985905270695256 1.3444748288406045 0.4995894688257825 0.09010381280231569
0.04165569419543161 0.614205218792314 -0.5779917056881815 0.4995894688257825 1.2543102058428264 0.5426816283720333
0.31907968769373524 0.6458437400228694 -0.19231996832518064 0.09010381280231569 0.5426816283720333 1.0940600425673677

# Matrix 24
1.2914394798613673 0.4638745152305825 -0.4891651679232755 -0.12234397867550764 0.4928093702894304 -0.6230226665768266
0.4638745152305825 1.0280246827632211 -0.1853677317805352 -0.2592924272229615 0.5728811009547045 -0.24967939288483668
-0.4891651679232755 -0.1853677317805352 1.2495355276416422 -0.44599965959873006 0.2508161169886459 0.7375556576580987
-0.12234397867550764 -0.2592924272229615 -0.44599965959873006 1.1283695631703574 -0.05342447652665776 -0.46484716075964055
0.4928093702894304 0.5728811009547045 0.2508161169886459 -0.05342447652665776 1.7137573144875207 -0.060883276870195464
-0.6230226665768266 -0.24967939288483668 0.7375556576580987 -0.46484716075964055 -0.060883276870195464 1.6130917129768116

# Matrix 25
0.7438368034493578 0.2940887533162345 -0.186145176055877 -0.31284927832389237 0.06817375209975006 0.256114004723312
0.2940887533162345 0.835376070672954 0.01454380270090827 -0.32407396607299044 -0.17764604384297727 -0.14740363895940095
-0.186145176055877 0.01454380270090827 1.043741034680586 -0.09324238477752651 -0.42110718909253664 -0.18528774097163953
-0.31284927832389237 -0.32407396607299044 -0.09324238477752651 1.1208464397619433 -0.2938272185644242 -0.4458343822201442
0.06817375209975006 -0.17764604384297727 -0.42110718909253664 -0.2938272185644242 1.8942188731761664 0.7699599201890605
0.256114004723312 -0.14740363895940095 -0.18528774097163953 -0.4458343822201442 0.7699599201890605 1.880970140466496

# Matrix 26
1.019426475878331 0.3500181244982865 -0.08477096067618031 -0.4164543528808961 0.49625364917118114 -0.44118315021670296
0.3500181244982865 1.06927858090096 -0.2554491607591629 -0.22938339478057748 0.2681425829195109 -0.41296881363087307
-0.08477096067618031 -0.2554491607591629 1.0911127978226185 0.534457776916391 0.18072728095430265 0.507509346853153
-0.4164543528808961 -0.22938339478057748 0.534457776916391 1.5424755373918666 -0.5265888516708295 0.8838023093848442
0.49625364917118114 0.2681425829195109 0.18072728095430265 -0.5265888516708295 1.6340753586965886 0.1286102981313366
-0.44118315021670296 -0.41296881363087307 0.507509346853153 0.8838023093848442 0.1286102981313366 1.570718582315001

# Matrix 27
0.15229909421220864 -0.03571884324831645 0.053849698046321365 -0.07147338878928937 -0.0469638393788312 -0.06414955088076141
-0.03571884324831645 0.8405881140838012 -0.33611807256424975 0.42134706861198307 0.33050555573627555 0.125356925868547
0.053849698046321365 -0.33611807256424975 1.4470135099856334 0.17054541080945335 0.08817070776299397 0.45094092796374247
-0.07147338878928937 0.42134706861198307 0.17054541080945335 1.9157876119514057 0.4902903859471515 -0.3075247690911785
-0.0469638393788312 0.33050555573627555 0.08817070776299397 0.4902903859471515 1.7081788973602925 -0.20513834679805443
-0.06414955088076141 0.125356925868547 0.45094092796374247 -0.3075247690911785 -0.20513834679805443 3.0301157508146055

# Matrix 28
1.0450296417850946 -0.4715631237787483 -0.02111901847858311 -0.07115044669591489 -0.04213348765126599 0.01868543104212748
-0.4715631237787483 0.8901563932486216 0.04642643009878766 -0.1274022863018608 0.261997438810825 0.3285361064419542
-0.02111901847858311 0.04642643009878766 1.1374574862192388 0.27003403992417385 -0.2672279990633482 -0.11822300727004086
-0.07115044669591489 -0.1274022863018608 0.27003403992417385 1.0709785475680673 0.06610398062479785 -0.2617321625368737
-0.04213348765126599 0.261997438810825 -0.2672279990633482 0.06610398062479785 0.9954268662689186 0.357813542825156
0.01868543104212748 0.3285361064419542 -0.11822300727004086 -0.2617321625368737 0.357813542825156 1.8950199382534332

# Matrix 29
0.5739489144298654 -0.2494598469222192 0.23415564021414614 0.04403739749044688 -0.24342136850831536 -0.03085617080940803
-0.2494598469222192 1.2105794632671423 -0.5657404551921735 -0.4555569805900002 0.2605447871998561 -0.4697405664426035
0.23415564021414614 -0.5657404551921735 1.2750302270747527 -0.2685827612285612 -0.3984117889092314 0.1100009675052774
0.04403739749044688 -0.4555569805900002 -0.2685827612285612 1.5529495616612867 0.0017195691133054926 -0.2808961645604554
-0.24342136850831536 0.2605447871998561 -0.3984117889092314 0.0017195691133054926 1.405141530717526 -0.11064907251078601
-0.03085617080940803 -0.4697405664426035 0.1100009675052774 -0.2808961645604554 -0.11064907251078601 1.590154148280885

# Matrix 30
0.4246738149174362 0.18466592634331488 0.10720145638182031 -0.012321938111955606 -0.046048477041133525 0.0007745064765324396
0.18466592634331488 1.0744867185871445 -0.20476473378186535 -0.10728128881242846 -0.19397834829352048 0.3906749633578366
0.10720145638182031 -0.20476473378186535 0.8988853820010209 -0.07233099600330552 -0.339662894345385 -0.2755252238210876
-0.012321938111955606 -0.10728128881242846 -0.07233099600330552 1.3336221793579062 -0.24576591775484366 0.6273358186558079
-0.046048477041133525 -0.19397834829352048 -0.339662894345385 -0.24576591775484366 1.4840350729701313 -0.7360836331513482
0.0007745064765324396 0.3906749633578366 -0.2755252238210876 0.6273358186558079 -0.7360836331513482 2.6610609118597655

# Matrix 31
0.4629451645815153 -0.18575432486604979 -0.09057816621283002 -0.21018349055807245 -0.1972550302705439 -0.122448853347048
-0.18575432486604979 0.6106958662456712 0.2766251308179154 -0.07383697829254425 0.0888010670059987 0.1502277282779551
-0.09057816621283002 0.2766251308179154 0.7817967691440488 -0.12819085603236627 0.2437787550669482 -0.11633455619870392
-0.21018349055807245 -0.07383697829254425 -0.12819085603236627 1.4702314810345927 0.1801178273878484 -0.06784717804351532
-0.1972550302705439 0.0888010670059987 0.2437787550669482 0.1801178273878484 1.526901536529535 -0.11034038767270327
-0.122448853347048 0.1502277282779551 -0.11633455619870392 -0.06784717804351532 -0.11034038767270327 3.5340322535953694

# Matrix 32
1.2881636429283871 -0.5268585257066184 -0.16270847760530907 0.46730511229421673 0.3236921821439788 0.5969979667871693
-0.5268585257066184 1.1076710774743934 0.21470658820291344 -0.06624796687044104 -0.3791513406850512 -0.12553693042256728
-0.16270847760530907 0.21470658820291344 0.6929135863731606 0.19734040549766274 0.16068220431034377 0.20261102793690444
0.46730511229421673 -0.06624796687044104 0.19734040549766274 1.5213876999014553 -0.03314556286435252 0.9196939933300569
0.3236921821439788 -0.3791513406850512 0.16068220431034377 -0.03314556286435252 1.4646403238853456 -0.1710151051013723
0.5969979667871693 -0.12553693042256728 0.20261102793690444 0.9196939933300569 -0.1710151051013723 1.6496863157704105

# Matrix 33
0.7395132872915845 0.18344993234717463 -0.08249754106681433 0.24066167432457614 0.12612274624453412 -0.20657733070490542
0.18344993234717463 0.5804569252922592 0.17674216788985717 -0.05945735115926503 -0.20886878986913798 -0.09412986492942
-0.08249754106681433 0.17674216788985717 1.221976977017633 -0.5747947725331585 -0.05947916095592775 0.038230791310113546
0.24066167432457614 -0.05945735115926503 -0.5747947725331585 1.3134123897865428 -0.22249060105610918 0.19840957108510912
0.12612274624453412 -0.20886878986913798 -0.05947916095592775 -0.22249060105610918 1.7495798827052018 -0.627864211734759
-0.20657733070490542 -0.09412986492942 0.038230791310113546 0.19840957108510912 -0.627864211734759 1.7921747773512562

# Matrix 34
1.095377424011417 0.007006202510248297 -0.20494032275094085 0.4054526950763756 -0.016821178690219946 0.22579437020124188
0.007006202510248297 1.1762114713142113 -0.5533128732435547 0.5867955450370514 -0.4669561149181436 -0.31450832693514846
-0.20494032275094085 -0.5533128732435547 1.0409070698528107 -0.5847412290509424 0.055211085248513384 0.3110595536594247
0.4054526950763756 0.5867955450370514 -0.5847412290509424 1.0632268667496478 0.027408719791823 0.035027800579720256
-0.016821178690219946 -0.4669561149181436 0.055211085248513384 0.027408719791823 1.6651173405585886 0.08350266286652439
0.22579437020124188 -0.31450832693514846 0.3110595536594247 0.035027800579720256 0.08350266286652439 1.6441431581196264

# Matrix 35
0.5473223436414597 0.2150713814881138 -0.06664887923611156 0.09142859907509933 0.20812969706265438 -0.24262456723465983
0.2150713814881138 0.9499557606701593 -0.011105427176420468 -0.2020053544374877 0.3869714421259438 -0.030527759148430644
-0.06664887923611156 -0.011105427176420468 0.81056739470574 0.37100889356235933 0.23174999853362227 0.2951627831774639
0.09142859907509933 -0.2020053544374877 0.37100889356235933 0.8207669456620108 0.27835621264704064 -0.11437506974395696
0.20812969706265438 0.3869714421259438 0.23174999853362227 0.27835621264704064 1.9378943117776048 -0.7825725019161957
-0.24262456723465983 -0.030527759148430644 0.2951627831774639 -0.11437506974395696 -0.7825725019161957 3.569796510248363

# Matrix 36
0.685132676595331 0.16095031652115357 -0.17101990321475408 -0.05127451169855713 0.2910955223118091 0.04318001006665563
0.16095031652115357 1.207502330873847 -0.5260522710008685 -0.17469655953647822 0.2574799973871484 0.17553361021711553
-0.17101990321475408 -0.5260522710008685 1.0853372508508274 -0.3269309181124618 -0.16214175660967128 0.09063282947080621
-0.05127451169855713 -0.17469655953647822 -0.3269309181124618 0.7541986070549089 -0.2950221221027117 -0.21521049924565566
0.2910955223118091 0.2574799973871484 -0.16214175660967128 -0.2950221221027117 1.3788033981368617 0.3559509092740274
0.04318001006665563 0.17553361021711553 0.09063282947080621 -0.21521049924565566 0.3559509092740274 2.677371892164036

# Matrix 37
1.0958185901838517 0.45850030101608075 -0.5046601337155169 -0.09011587139554748 0.49055001102378004 -0.34886657340079963
0.45850030101608075 1.0870960712015532 -0.32709259374910854 0.4011870805481163 0.5675119835900405 0.2882505020572085
-0.5046601337155169 -0.32709259374910854 1.0990783043142 0.2673784407869652 -0.6228388005250265 -0.26956815017797325
-0.09011587139554748 0.4011870805481163 0.2673784407869652 1.4867813113813668 -0.5245632039511936 -0.3247212556618493
0.49055001102378004 0.5675119835900405 -0.6228388005250265 -0.5245632039511936 1.6178454738954038 -0.01811119374968262
-0.34886657340079963 0.2882505020572085 -0.26956815017797325 -0.3247212556618493 -0.01811119374968262 2.0363469945031794

# Matrix 38
0.6665829836609398 0.18558657354779162 0.23814079185051168 0.3232865758650172 -0.2881980703720021 -0.29005975724415967
0.18558657354779162 1.0444650947533891 -0.4244669479150038 -0.177124856894951 -0.4720840725729499 0.21496812760595382
0.23814079185051168 -0.4244669479150038 1.6236466608207953 -0.047912189383071895 0.2831088742832961 0.27540008483424216
0.3232865758650172 -0.177124856894951 -0.047912189383071895 1.6511469312282196 -0.6357395917948122 -0.9027632717110848
-0.2881980703720021 -0.4720840725729499 0.2831088742832961 -0.6357395917948122 1.4897577074685284 0.6120491347761624
-0.29005975724415967 0.21496812760595382 0.27540008483424216 -0.9027632717110848 0.6120491347761624 1.6548170390714243

# Matrix 39
0.4788808442473711 -0.16525506764464512 0.04295419559085189 0.18765382094381217 -0.1882215229570445 -0.23359966617793776
-0.16525506764464512 1.4112304636284312 -0.5578812186843374 0.3233705684046324 -0.4743471522525612 0.27759086434205826
0.04295419559085189 -0.5578812186843374 1.1553565027472954 -0.08790893847131194 0.4259585412562894 -0.41941670175302165
0.18765382094381217 0.3233705684046324 -0.08790893847131194 1.0073103286406546 -0.061604474804223194 0.20662280433023764
-0.1882215229570445 -0.4743471522525612 0.4259585412562894 -0.061604474804223194 1.5646103022769489 0.40844346895467465
-0.23359966617793776 0.27759086434205826 -0.41941670175302165 0.20662280433023764 0.40844346895467465 2.1748546848389285

# Matrix 40
0.8853532741885075 -0.24749232129389911 0.13701187338066398 0.28327421494525806 -0.38555378146310176 -0.05469930026279606
-0.24749232129389911 1.2764580016430305 0.1344713657044623 -0.6000923609599706 0.383519430397115 -0.5159835675544604
0.13701187338066398 0.1344713657044623 1.4573431234424574 0.37811172984751806 0.6135812931732443 0.5640984834206284
0.28327421494525806 -0.6000923609599706 0.37811172984751806 1.3877154044840774 0.3066795558316162 0.22955930458985327
-0.38555378146310176 0.383519430397115 0.6135812931732443 0.3066795558316162 1.4826387009452648 0.03655699643086968
-0.05469930026279606 -0.5159835675544604 0.5640984834206284 0.22955930458985327 0.03655699643086968 1.4158599384352404

# Matrix 41
0.3834088895287162 -0.15767754307290188 -0.09694471257254633 0.0824526554589768 -0.052407940033532906 -0.049275020289966054
-0.15767754307290188 0.8428849219680088 0.1483200203411739 0.16982687120575696 0.17809814125573953 0.2986070314281157
-0.09694471257254633 0.1483200203411739 1.6678482595469348 -0.09811928600392653 0.3417345877587232 0.6090254881705628
0.0824526554589768 0.16982687120575696 -0.09811928600392653 1.3211619576716944 -0.2622392497734677 -0.48498023738267676
-0.052407940033532906 0.17809814125573953 0.3417345877587232 -0.2622392497734677 1.0782048126371935 0.49125041404967973
-0.049275020289966054 0.2986070314281157 0.6090254881705628 -0.48498023738267676 0.49125041404967973 2.3512986321663725

# Matrix 42
0.5663587648372831 -0.14238660710610676 0.26269161736103697 0.05203047223914923 0.07626467400869938 0.041538094282796284
-0.14238660710610676 0.4862096064575504 -0.2485440375356763 0.152313675273243 -0.1769208089613982 -0.11474060457414202
0.26269161736103697 -0.2485440375356763 0.9561644446293454 -0.3811169232288424 0.4055349137151959 0.20664920457475616
0.05203047223914923 0.152313675273243 -0.3811169232288424 1.7066542504206321 -0.650874912962046 -0.2607586323347198
0.07626467400869938 -0.1769208089613982 0.4055349137151959 -0.650874912962046 1.6823446584531292 -0.2523060214442985
0.041538094282796284 -0.11474060457414202 0.20664920457475616 -0.2607586323347198 -0.2523060214442985 2.7562249087678006

# Matrix 43
0.4620006588399483 -0.09597779313825061 0.06393143403355658 -0.08892860891102043 0.1914620274558587 0.1940504159099305
-0.09597779313825061 0.6828622438960352 -0.33759630915995836 0.11379493043634392 -0.20140657378288399 -0.028202080063585322
0.06393143403355658 -0.33759630915995836 1.752754217260948 -0.7106388249868963 0.21187301601137729 0.6389249213897595
-0.08892860891102043 0.11379493043634392 -0.7106388249868963 1.5524119792062636 0.30106645151134687 -0.14956859804554096
0.1914620274558587 -0.20140657378288399 0.21187301601137729 0.30106645151134687 1.6287484607615277 -0.5035497168696034
0.1940504159099305 -0.028202080063585322 0.6389249213897595 -0.14956859804554096 -0.5035497168696034 1.8605757170091246

# Matrix 44
0.33356328898593357 0.1217529087833509 0.12335483298618713 -0.0019449665567104913 -0.14173100154964088 -0.07613506835206132
0.1217529087833509 0.44765335789321165 0.1047826699139315 0.09871368885628441 0.06515599313199104 -0.11487478803980682
0.12335483298618713 0.1047826699139315 1.005952592678207 0.11949837406552524 -0.2807236464433212 -0.10340134660931938
-0.0019449665567104913 0.09871368885628441 0.11949837406552524 1.3606916252876353 0.015698959797786724 0.03082366577548402
-0.14173100154964088 0.06515599313199104 -0.2807236464433212 0.015698959797786724 1.9765696023043178 0.28089222434952626
-0.07613506835206132 -0.11487478803980682 -0.10340134660931938 0.03082366577548402 0.28089222434952626 3.3228648883210634

# Matrix 45
0.39247210390939846 -0.08030230275888858 -0.021076292654314113 0.021985665873229393 0.011247870712682661 -0.021371595583873654
-0.08030230275888858 1.0715144777119594 -0.21780521297662914 0.27339365577322344 0.3075345702071599 -0.45841611009820155
-0.021076292654314113 -0.21780521297662914 0.8632182491021552 0.2278125677559686 0.10853047129865227 0.4129596426822677
0.021985665873229393 0.27339365577322344 0.2278125677559686 1.2249303385165902 0.5103024022530807 -0.12445168864528033
0.011247870712682661 0.3075345702071599 0.10853047129865227 0.5103024022530807 1.7031896619144444 -0.05879837191727553
-0.021371595583873654 -0.45841611009820155 0.4129596426822677 -0.12445168864528033 -0.05879837191727553 2.290840048919788

# Matrix 46
0.6642741652969346 0.2728511767508861 -0.2849613138862948 0.1373461304803678 -0.25893664381432563 -0.08073390974135708
0.2728511767508861 0.8498373310594369 -0.2534980996582326 0.011527824390941079 0.07476174317114304 -0.23845823673194155
-0.2849613138862948 -0.2534980996582326 0.7551366731413686 -0.33352521354246584 -0.04982552245608692 -0.15637128391594568
0.1373461304803678 0.011527824390941079 -0.33352521354246584 1.1685177759552403 0.18725276415290446 0.11148044742060854
-0.25893664381432563 0.07476174317114304 -0.04982552245608692 0.18725276415290446 1.7640745378545166 -0.7208995123081344
-0.08073390974135708 -0.23845823673194155 -0.15637128391594568 0.11148044742060854 -0.7208995123081344 2.6637887570173024

# Matrix 47
0.7479024861156903 0.11795092549957875 0.3703255350193035 0.12383886598147256 -0.27490350014384635 0.2612881595600999
0.11795092549957875 0.8599223282578323 -0.22209368602011828 0.3170114475495923 0.3167424398526406 -0.09083357437043632
0.3703255350193035 -0.22209368602011828 1.3846110016460977 0.23539173903114813 0.1279006956892129 0.43259257032969656
0.12383886598147256 0.3170114475495923 0.23539173903114813 1.1952642746006148 0.11384378181619233 -0.0646311286909077
-0.27490350014384635 0.3167424398526406 0.1279006956892129 0.11384378181619233 1.332669817238362 0.1678016644240641
0.2612881595600999 -0.09083357437043632 0.43259257032969656 -0.0646311286909077 0.1678016644240641 1.763322290359925

# Matrix 48
0.5332165370793679 -0.2187981090469325 -0.023781354432582797 0.2644189035652256 0.16167136075280522 0.2579942781554261
-0.2187981090469325 0.8255669461101722 0.08504855293747862 0.03892108106582482 0.2186135567059199 -0.04269921872261963
-0.023781354432582797 0.08504855293747862 0.7705662947799284 0.12971787422125808 -0.26905125346998887 -0.19641544093498767
0.2644189035652256 0.03892108106582482 0.12971787422125808 1.4164783111027337 -0.10120774293178636 0.004360512691250895
0.16167136075280522 0.2186135567059199 -0.26905125346998887 -0.10120774293178636 2.1604369270946835 0.2843718139858792
0.2579942781554261 -0.04269921872261963 -0.19641544093498767 0.004360512691250895 0.2843718139858792 1.6480182059030126

# Matrix 49
0.5950276998974202 -0.10622504891426322 0.19718091104624538 0.1072343348376735 0.15065244081867094 0.27411818260873055
-0.10622504891426322 1.083347747113718 0.020449407849401725 -0.30992647273711954 -0.5249909640593348 0.00985777594880882
0.19718091104624538 0.020449407849401725 0.872446430149528 -0.08002806170845135 -0.1186673453507918 -0.08895579318848876
0.1072343348376735 -0.30992647273711954 -0.08002806170845135 1.3996171508304611 0.0769599423029557 -0.28634282653905807
0.15065244081867094 -0.5249909640593348 -0.1186673453507918 0.0769599423029557 2.0103479785259606 -0.7232129929695851
0.27411818260873055 0.00985777594880882 -0.08895579318848876 -0.28634282653905807 -0.7232129929695851 1.555024767524982

# Matrix 50
0.6987162177213075 -0.12866190043101794 0.0034087923619579665 0.276352897662793 0.09509996307852318 0.29726118095174614
-0.12866190043101794 0.7142860659699916 0.26920915162153675 -0.05079812830261736 -0.16564231126276677 -0.23100945541729806
0.0034087923619579665 0.26920915162153675 0.9324596671565973 0.2669204711674216 -0.353641796810642 0.10863994217529659
0.276352897662793 -0.05079812830261736 0.2669204711674216 1.2416306991576354 0.11505148727692441 0.4772732944589908
0.09509996307852318 -0.16564231126276677 -0.353641796810642 0.11505148727692441 1.338049805806951 0.11711639918160335
0.29726118095174614 -0.23100945541729806 0.10863994217529659 0.4772732944589908 0.11711639918160335 2.364383551577509

# Matrix 51
0.582726380408944 -0.14469760324950134 -0.06399082832178618 -0.08279130441168428 -0.23511543497254353 0.03711684167214426
-0.14469760324950134 1.3900989818372667 0.32084046388178605 -0.4024842320849309 0.35632591274179914 0.051849192306122595
-0.06399082832178618 0.32084046388178605 1.1798954755494695 0.10850311038518985 0.19352338479542563 -0.27666304892734256
-0.08279130441168428 -0.4024842320849309 0.10850311038518985 1.511448020476772 -0.6371727750344691 0.2879601730083477
-0.23511543497254353 0.35632591274179914 0.19352338479542563 -0.6371727750344691 1.2847626683501412 -0.15534997756405325
0.03711684167214426 0.051849192306122595 -0.27666304892734256 0.2879601730083477 -0.15534997756405325 1.1929131615968402

# Matrix 52
1.1733877072422407 -0.5214079323341096 -0.3049101937473082 0.34904272816941684 0.41132175258770914 -0.19036030415227156
-0.5214079323341096 0.9672216029093647 0.012933885394866222 -0.3350633052679689 -0.4884657628194019 0.43079740039573516
-0.3049101937473082 0.012933885394866222 1.2311583944713738 -0.01082294831945618 0.07267569223506729 0.03487354522647257
0.34904272816941684 -0.3350633052679689 -0.01082294831945618 1.2855305775854016 0.48939232296792384 -0.2862442675638605
0.41132175258770914 -0.4884657628194019 0.07267569223506729 0.48939232296792384 1.1824791451511203 -0.29224174049650686
-0.19036030415227156 0.43079740039573516 0.03487354522647257 -0.2862442675638605 -0.29224174049650686 1.3114947558632495

# Matrix 53
0.3102754295899283 0.002300157243708989 0.05399851077209219 0.08532478512490212 0.11619115242921141 -0.07844676044276193
0.002300157243708989 0.6725276012003973 -0.05232201999095803 0.0470335456064709 -0.038195706795803426 0.2908018367225401
0.05399851077209219 -0.05232201999095803 0.7643705364957109 0.27083259447270547 -0.28324485313010966 0.307498876362377
0.08532478512490212 0.0470335456064709 0.27083259447270547 1.1168027062576467 0.3158713715721756 -0.19303899527020582
0.11619115242921141 -0.038195706795803426 -0.28324485313010966 0.3158713715721756 2.4674992623649943 -0.2893309456447307
-0.07844676044276193 0.2908018367225401 0.307498876362377 -0.19303899527020582 -0.2893309456447307 3.3782505129306184

# Matrix 54
0.3162024902289153 -0.0004546315202600216 0.08883783447943563 0.12194520030862366 0.006858749309988243 0.09244531221295474
-0.0004546315202600216 0.9431318963427728 -0.38690575388239246 0.13687511322238194 0.009457542970312113 -0.0943473434837024
0.08883783447943563 -0.38690575388239246 1.713561424145816 0.3777512878718024 0.7392197839893826 -0.05685455815191319
0.12194520030862366 0.13687511322238194 0.3777512878718024 1.3020202236670326 0.29029058592454005 -0.18915959473192562
0.006858749309988243 0.009457542970312113 0.7392197839893826 0.29029058592454005 1.993491045448545 -0.4449503035680966
0.09244531221295474 -0.0943473434837024 -0.05685455815191319 -0.18915959473192562 -0.4449503035680966 1.3515186128154795

# Matrix 55
1.3709931605149273 -0.5432275213776729 0.0017514423618387022 0.020527124847864762 -0.04757757897838235 0.3816447117886932
-0.5432275213776729 1.4352423694511307 0.42220657056644706 -0.22923870594727225 0.20516179457406167 -0.6553966780661702
0.0017514423618387022 0.42220657056644706 1.0708865532720897 0.2898449952652236 -0.24768120185173836 -0.5353672139695972
0.020527124847864762 -0.22923870594727225 0.2898449952652236 0.809929585182802 -0.27313766938503786 -0.21442732586972554
