# Matrix 1
2.0000374013542426 -0.9999156954959372 0.9999183714370321 -0.9999172327440444 -0.9999137681078073 0.9997085010525094 0.999917603084826 -0.9997057593880906
-0.9999156954959372 2.0000313351802266 -0.9999180222448603 -0.00020566330364927033 -0.0002113778867305034 -0.9996981958274814 0.0002048753929918036 -0.0004258842132141221
0.9999183714370321 -0.9999180222448603 2.0000412346225627 -0.9999222058780207 0.00020526235666249972 0.9997158296397392 0.9999179644969011 -0.999713925571456
-0.9999172327440444 -0.00020566330364927033 -0.9999222058780207 2.0000381821919477 0.9999141751999244 -0.9997085322398152 -0.999918375625182 0.9997135906419907
-0.9999137681078073 -0.0002113778867305034 0.00020526235666249972 0.9999141751999244 2.0000304657803833 -0.9996957983479406 -0.9999156571774221 0.9996938229718602
0.9997085010525094 -0.9996981958274814 0.9997158296397392 -0.9997085322398152 -0.9996957983479406 1.9993786045113306 0.9997115175072033 -0.9992495672641525
0.999917603084826 0.0002048753929918036 0.9999179644969011 -0.999918375625182 -0.9999156571774221 0.9997115175072033 2.0000388505996542 -0.999712763252456
-0.9997057593880906 -0.0004258842132141221 -0.999713925571456 0.9997135906419907 0.9996938229718602 -0.9992495672641525 -0.999712763252456 1.99934000964264

# Matrix 2
2.000246024872458 -1.000119439662318 -1.000118814802746 1.0001191045772908 -1.0001160251249679 -1.0001145134905198 -1.0001152842901755 -1.0001087744979007
-1.000119439662318 2.000242482325609 -6.2319570589263725e-6 -1.0001174732489608 1.0001136058651376 -1.4921678266017392e-5 -9.343094093770292e-6 1.000106763116233
-1.000118814802746 -6.2319570589263725e-6 2.000243182367744 -1.000117341377712 1.0001135150383411 1.0001074265179586 1.0001085155809124 -3.183233705932798e-5
1.0001191045772908 -1.0001174732489608 -1.000117341377712 2.0002410290763946 -1.0001098477638912 -1.0001036676497945 -1.0001081196701325 -1.0000938800675694
-1.0001160251249679 1.0001136058651376 1.0001135150383411 -1.0001098477638912 2.000009861552104 0.9998752232006819 0.9998842217326819 0.9996445373508366
-1.0001145134905198 -1.4921678266017392e-5 1.0001074265179586 -1.0001036676497945 0.9998752232006819 1.9999852371216966 0.9998735323516822 0.999621193781566
-1.0001152842901755 -9.343094093770292e-6 1.0001085155809124 -1.0001081196701325 0.9998842217326819 0.9998735323516822 1.999999598958347 0.9996357746464518
-1.0001087744979007 1.000106763116233 -3.183233705932798e-5 -1.0000938800675694 0.9996445373508366 0.999621193781566 0.9996357746464518 1.999273856943994

# Matrix 3
2.0000046476634483 1.000002274167113 -1.0000022132605821 1.0000022899897214 1.0000022248145328 1.0000023222118708 1.000002006627281 -1.000002270803215
1.000002274167113 1.9999934531679215 -2.5606853670777266e-6 0.9999948819569318 1.0000032312368143 0.9999967327398183 0.999994751680331 -0.9999933278900038
-1.0000022132605821 -2.5606853670777266e-6 2.000004465920286 -1.609052329928199e-6 -1.0000017319387229 -1.00000346298674 -1.0000041852671318 1.0000043857308447
1.0000022899897214 0.9999948819569318 -1.609052329928199e-6 2.000000618822162 3.73684493432921e-7 0.9999991357723076 0.99999768385677 6.232604954252284e-6
1.0000022248145328 1.0000032312368143 -1.0000017319387229 3.73684493432921e-7 2.0000029322225683 0.9999998019632357 1.0000033442385658 -1.0000019374517612
1.0000023222118708 0.9999967327398183 -1.00000346298674 0.9999991357723076 0.9999998019632357 1.9999983078342265 0.9999999406835375 -0.9999966502274006
1.000002006627281 0.999994751680331 -1.0000041852671318 0.99999768385677 1.0000033442385658 0.9999999406835375 1.9999996230486186 -0.9999964617173485
-1.000002270803215 -0.9999933278900038 1.0000043857308447 6.232604954252284e-6 -1.0000019374517612 -0.9999966502274006 -0.9999964617173485 1.9999969492738716

# Matrix 4
2.000008548271145 1.0000042585277868 1.0000022988041735 -0.999998360931648 -0.9999963935967694 0.9999956176071929 1.0000012111972232 1.000003533919306
1.0000042585277868 2.000010458248027 1.0000042372125397 -1.000003433366216 2.367822021191145e-6 -1.9473509444290575e-6 5.28994318790581e-7 1.6379747602540878e-6
1.0000022988041735 1.0000042372125397 2.00000973169417 -1.0000006704438624 -0.999999532329955 0.9999995301194294 1.0000035788554822 1.0000039390907347
-0.999998360931648 -1.000003433366216 -1.0000006704438624 1.999999917798267 0.9999885887854693 -0.9999878079887172 8.956099811044963e-6 -1.0000035023824736
-0.9999963935967694 2.367822021191145e-6 -0.999999532329955 0.9999885887854693 1.9999869325028108 -0.9999787494709611 -0.999992158022572 -1.0000015807495697
0.9999956176071929 -1.9473509444290575e-6 0.9999995301194294 -0.9999878079887172 -0.9999787494709611 1.9999833548923793 0.9999885205980763 0.9999975266322213
1.0000012111972232 5.28994318790581e-7 1.0000035788554822 8.956099811044963e-6 -0.999992158022572 0.9999885205980763 1.9999990415016424 0.9999978754604428
1.000003533919306 1.6379747602540878e-6 1.0000039390907347 -1.0000035023824736 -1.0000015807495697 0.9999975266322213 0.9999978754604428 2.000000438527965

# Matrix 5
2.000016658648035 -1.0000050720553122 -1.0000069808435215 -1.0000077439367858 1.0000062696788425 -1.0000051266335996 1.0000049893087377 -1.0000005025294907
-1.0000050720553122 2.0000116825164174 -3.0917983756475087e-6 1.0000066167402368 -1.000005111849717 -8.784076457309702e-6 -1.0000015069647716 0.9999889379879068
-1.0000069808435215 -3.0917983756475087e-6 2.0000150974491224 1.0000061824431634 2.9850465461489724e-7 1.0000082303205349 -1.0000026128880508 1.0000047208623593
-1.0000077439367858 1.0000066167402368 1.0000061824431634 2.0000154854493024 -8.494152233643739e-7 -3.1727291926260587e-7 -1.0000014909218442 1.0000027892795145
1.0000062696788425 -1.000005111849717 2.9850465461489724e-7 -8.494152233643739e-7 2.0000112338221165 -0.9999984976408797 3.2266944144881762e-6 -0.9999958902475891
-1.0000051266335996 -8.784076457309702e-6 1.0000082303205349 -3.1727291926260587e-7 -0.9999984976408797 2.0000001238934746 -5.194019541792876e-7 0.9999800917937615
1.0000049893087377 -1.0000015069647716 -1.0000026128880508 -1.0000014909218442 3.2266944144881762e-6 -5.194019541792876e-7 2.000000441420411 -0.999998044878731
-1.0000005025294907 0.9999889379879068 1.0000047208623593 1.0000027892795145 -0.9999958902475891 0.9999800917937615 -0.999998044878731 1.999957304734054

# Matrix 6
2.0000089218930883 -0.9999007465215367 -0.9999007772956967 0.9999085043720778 0.9999030595122472 -0.9996890557591402 0.9996813302090372 -0.9996798014655351
-0.9999007465215367 2.0000163053856186 0.9999019330393032 0.00020553418970645625 0.00020751280775287468 0.9996936383482736 0.0004226927996348021 0.9996901653542426
-0.9999007772956967 0.9999019330393032 2.0000140318503687 -0.9999042458969235 0.00020980112122643155 0.999688232821016 -0.9996847431198144 0.9996855629190325
0.9999085043720778 0.00020553418970645625 -0.9999042458969235 2.0000185477501313 0.9999053345133734 -0.9996943154471681 0.9996904623622747 -0.9996936015003631
0.9999030595122472 0.00020751280775287468 0.00020980112122643155 0.9999053345133734 2.000016256664946 -0.9996912395424548 0.9996839385779471 -0.9996851093089826
-0.9996890557591402 0.9996936383482736 0.999688232821016 -0.9996943154471681 -0.9996912395424548 1.999373951547638 -0.9992487486508607 0.9992538652146185
0.9996813302090372 0.0004226927996348021 -0.9996847431198144 0.9996904623622747 0.9996839385779471 -0.9992487486508607 1.999345323760014 -0.999238370075466
-0.9996798014655351 0.9996901653542426 0.9996855629190325 -0.9996936015003631 -0.9996851093089826 0.9992538652146185 -0.999238370075466 1.9993554089795957

# Matrix 7
2.0000099666894857 1.0000049486996647 1.000004128773966 -1.000003759775066 -1.000000540525497 -1.0000037422583121 1.0000042263399904 -1.0000005280471422
1.0000049486996647 2.000009990988389 -8.735238482473514e-7 4.707416896416543e-7 -1.0000013281522957 -1.0000065061099905 1.9527452990826845e-6 -1.000001679997381
1.000004128773966 -8.735238482473514e-7 2.0000099308806862 -1.0000037387740086 -1.0000005289356264 -1.0000033376589137 -1.6371847675065324e-6 -1.0000005263364065
-1.000003759775066 4.707416896416543e-7 -1.0000037387740086 2.0000068253351793 1.0000001626867072 -6.000917044967875e-6 -0.9999986944186906 -7.224784596474678e-6
-1.000000540525497 -1.0000013281522957 -1.0000005289356264 1.0000001626867072 1.9999952375689527 0.9999993076377567 2.8046653137462245e-6 0.9999890338793498
-1.0000037422583121 -1.0000065061099905 -1.0000033376589137 -6.000917044967875e-6 0.9999993076377567 2.000002927212003 9.439581613985377e-6 0.9999993590798594
1.0000042263399904 1.9527452990826845e-6 -1.6371847675065324e-6 -0.9999986944186906 2.8046653137462245e-6 9.439581613985377e-6 1.999998267163588 3.952609765073601e-6
-1.0000005280471422 -1.000001679997381 -1.0000005263364065 -7.224784596474678e-6 0.9999890338793498 0.9999993590798594 3.952609765073601e-6 1.9999951619284444

