# Matrix 1
1.8114476475296435 -0.9057236439854576 0.9057235628268389 0.9057237857507664 -0.9057235293867303 -0.9057234453702387 0.9057235574673584
-0.9057236439854576 1.8114471082451507 6.387491879635743e-7 8.253916309105344e-8 0.9057228501865633 0.9057227103248217 -0.9057232641348898
0.9057235628268389 6.387491879635743e-7 1.8114469726578677 0.905723713298547 -0.9057228382788904 -0.9057226992798185 0.9057230038125386
0.9057237857507664 8.253916309105344e-8 0.905723713298547 1.8114477532050788 -0.9057238266837464 1.658535454156449e-7 -2.308870499537015e-7
-0.9057235293867303 0.9057228501865633 -0.9057228382788904 -0.9057238266837464 1.8114461898603333 0.9057220320143297 -0.9057227658891437
-0.9057234453702387 0.9057227103248217 -0.9057226992798185 1.658535454156449e-7 0.9057220320143297 1.8114457459774245 -0.9057226318807234
0.9057235574673584 -0.9057232641348898 0.9057230038125386 -2.308870499537015e-7 -0.9057227658891437 -0.9057226318807234 1.8114469316263477

# Matrix 2
1.6561362489553046 -0.5520455125175102 -0.5520452852577694 -0.5520455656539506 0.552045110752176 -0.5520453011978047 0.5520450168900586
-0.5520455125175102 1.6561362460088889 -0.5520449662757503 0.552044791428036 -0.5520459417004551 0.5520465542447133 0.5520441172962337
-0.5520452852577694 -0.5520449662757503 1.656135157293539 -0.5520443083279492 -0.5520443772320974 0.5520432202765682 -0.5520422606164028
-0.5520455656539506 0.552044791428036 -0.5520443083279492 1.6561352217581005 0.552044613118377 -0.5520438716575229 0.5520429073971674
0.552045110752176 -0.5520459417004551 -0.5520443772320974 0.552044613118377 1.656135542409945 -0.5520441293862883 0.5520432353178115
-0.5520453011978047 0.5520465542447133 0.5520432202765682 -0.5520438716575229 -0.5520441293862883 1.656132029706528 -0.5520395516252085
0.5520450168900586 0.5520441172962337 -0.5520422606164028 0.5520429073971674 0.5520432353178115 -0.5520395516252085 1.6561284157407004

# Matrix 3
2.208176255514143 -1.1040851342683335 -1.104080302854429 1.1040824552264468 1.1040797073443287 -1.1040847149236879 -1.1040805457431282
-1.1040851342683335 1.6561332460654408 1.1040837688675496 -0.5520384221206459 -0.552036809698673 0.5520394395971744 0.5520369881839119
-1.104080302854429 1.1040837688675496 2.208169564106609 1.3369713091401949e-5 -1.1040749236218785 -1.0560133044110284e-5 1.1040760166689494
1.1040824552264468 -0.5520384221206459 1.3369713091401949e-5 1.6561294078060858 0.5520329204187026 -0.552037825100043 -0.5520337135265743
1.1040797073443287 -0.552036809698673 -1.1040749236218785 0.5520329204187026 1.656120970778484 -0.552036219147724 -0.5520283321765819
-1.1040847149236879 0.5520394395971744 -1.0560133044110284e-5 -0.552037825100043 -0.552036219147724 1.6561330430072028 0.5520364046848936
-1.1040805457431282 0.5520369881839119 1.1040760166689494 -0.5520337135265743 -0.5520283321765819 0.5520364046848936 1.656123161953363

# Matrix 4
1.8114578823820755 0.9057116983341779 -0.9056850768329973 0.905728354156684 -0.9056962766077088 -0.9056619022320217 -0.9056779765575274
0.9057116983341779 1.8114608482739682 -0.905692137953444 -2.4870244769563044e-5 4.604593255279278e-5 8.241374969516496e-5 6.985444333101908e-5
-0.9056850768329973 -0.905692137953444 1.8114033953895923 3.183967878711801e-5 0.9056774759594068 0.9056184139658925 0.9056398672325469
0.905728354156684 -2.4870244769563044e-5 3.183967878711801e-5 1.8114869345454025 -0.905723078590759 4.1101860959909904e-5 -0.9057175535412462
-0.9056962766077088 4.604593255279278e-5 0.9056774759594068 -0.905723078590759 1.8114411298503919 0.905650507502449 0.9056685598994718
-0.9056619022320217 8.241374969516496e-5 0.9056184139658925 4.1101860959909904e-5 0.905650507502449 1.8113192913143872 0.9056004644837388
-0.9056779765575274 6.985444333101908e-5 0.9056398672325469 -0.9057175535412462 0.9056685598994718 0.9056004644837388 1.8113787205506284

# Matrix 5
1.811422249143069 -0.9056413020581338 0.9056612479703409 -0.9056773130717384 0.9056591782655183 -0.9056719354281995 0.9056773893017092
-0.9056413020581338 1.8113496054907183 -0.9056305205482137 -0.00010716730935055712 -0.9056208140996654 -0.00011075686328685499 9.114419738868093e-5
0.9056612479703409 -0.9056305205482137 1.811409675629546 -0.905670193079258 0.9056519954219304 9.073902299603468e-5 0.9056773210140975
-0.9056773130717384 -0.00010716730935055712 -0.905670193079258 1.8114419882921895 -0.9056663673520682 0.9056810135467606 -0.905688105712029
0.9056591782655183 -0.9056208140996654 0.9056519954219304 -0.9056663673520682 1.8113961860543049 9.286275223567497e-5 0.9056735185340954
-0.9056719354281995 -0.00011075686328685499 9.073902299603468e-5 0.9056810135467606 9.286275223567497e-5 1.8114312460804551 7.462168401100418e-5
0.9056773893017092 9.114419738868093e-5 0.9056773210140975 -0.905688105712029 0.9056735185340954 7.462168401100418e-5 1.811436722706666

# Matrix 6
1.6561278389873968 -0.5520472521390087 -0.5520466529759506 -0.5520343601875362 -0.5520332019311408 -0.5520341730020106 -0.552034171019274
-0.5520472521390087 1.6561404402829993 0.5520465899248421 -0.5520463513050035 -0.55204635189797 -0.5520463500561428 -0.5520463510881464
-0.5520466529759506 0.5520465899248421 1.656140422898777 -0.5520470158671744 0.5520469338215274 -0.5520470105401418 0.552046851827169
-0.5520343601875362 -0.5520463513050035 -0.5520470158671744 1.6561280890292602 0.5520335147271322 0.5520342361217866 0.5520342973371855
-0.5520332019311408 -0.55204635189797 0.5520469338215274 0.5520335147271322 1.65612562907798 0.5520331979832054 0.5520332665000786
-0.5520341730020106 -0.5520463500561428 -0.5520470105401418 0.5520342361217866 0.5520331979832054 1.6561278371985195 0.5520341054253183
-0.552034171019274 -0.5520463510881464 0.552046851827169 0.5520342973371855 0.5520332665000786 0.5520341054253183 1.656127585798023

# Matrix 7
1.6561272135704588 -0.5520468496457179 -0.5520458433640814 0.5520337851581034 -0.5520343307308153 -0.5520343429789201 -0.5520343394800784
-0.5520468496457179 1.6561402025670693 0.5520460003964976 0.5520462880853936 -0.5520458975853131 -0.5520464669237756 -0.5520464662145087
-0.5520458433640814 0.5520460003964976 1.6561382401421176 0.5520462852781641 -0.5520450097535804 0.5520463724923668 -0.5520468861119721
0.5520337851581034 0.5520462880853936 0.5520462852781641 1.6561265711229247 -0.5520327163383231 -0.5520342324360153 -0.5520340325425709
-0.5520343307308153 -0.5520458975853131 -0.5520450097535804 -0.5520327163383231 1.6561252371647173 0.5520343685184728 0.5520340420047791
-0.5520343429789201 -0.5520464669237756 0.5520463724923668 -0.5520342324360153 0.5520343685184728 1.656128297156893 0.5520347189401447
-0.5520343394800784 -0.5520464662145087 -0.5520468861119721 -0.5520340325425709 0.5520340420047791 0.5520347189401447 1.65612816746339

# Matrix 8
1.6561321413342662 -0.5520458928331744 0.5520445382008317 0.5520410595820078 0.5520406526552508 0.552041371633099 -0.5520419563504876
-0.5520458928331744 1.6561360158600793 -0.5520456830543453 0.5520446767118248 0.5520446934519103 0.552044940646412 -0.5520450374676715
0.5520445382008317 -0.5520456830543453 1.6561356789427182 0.5520438004392041 0.5520439687713892 -0.5520465004980164 0.552046038682302
0.5520410595820078 0.5520446767118248 0.5520438004392041 1.656130630390634 0.5520399460941988 0.5520409931038393 -0.5520420580327298
0.5520406526552508 0.5520446934519103 0.5520439687713892 0.5520399460941988 1.656130281255636 0.5520406480634299 -0.5520416345564585
0.552041371633099 0.552044940646412 -0.5520465004980164 0.5520409931038393 0.5520406480634299 1.6561323419121379 -0.5520422205730892
-0.5520419563504876 -0.5520450374676715 0.552046038682302 -0.5520420580327298 -0.5520416345564585 -0.5520422205730892 1.6561331253384477

# Matrix 9
1.8114474092823505 -0.9057236988319516 -0.9057236481318317 0.9057236788971902 -0.9057236356079771 0.9057236218024439 -0.9057235500564688
-0.9057236988319516 1.8114475022449006 0.905723704007977 4.28602283146305e-8 -8.056105480404104e-8 7.532610790232773e-8 -1.2313714550220009e-7
-0.9057236481318317 0.905723704007977 1.8114474388734139 8.735868047321315e-8 0.9057236543884465 -0.9057236397452201 0.9057235927424344
0.9057236788971902 4.28602283146305e-8 8.735868047321315e-8 1.8114474702933223 9.550928976630507e-8 0.9057236655567659 1.6852653203406595e-7
-0.9057236356079771 -8.056105480404104e-8 0.9057236543884465 9.550928976630507e-8 1.811447403578932 -0.905723627691788 0.9057234962441383
0.9057236218024439 7.532610790232773e-8 -0.9057236397452201 0.9057236655567659 -0.905723627691788 1.8114473735181396 -0.9057235535346579
-0.9057235500564688 -1.2313714550220009e-7 0.9057235927424344 1.6852653203406595e-7 0.9057234962441383 -0.9057235535346579 1.8114470523194668

# Matrix 10
1.8114471956446543 0.9057230836312663 0.9057234267072117 -0.9057234032362043 0.9057235467663853 0.9057231025368973 0.905723040569523
0.9057230836312663 1.8114463964525742 0.9057232110495804 7.156489429989235e-7 0.9057232339494025 0.9057225299727012 0.9057224817946666
0.9057234267072117 0.9057232110495804 1.8114473712279073 3.839828802738634e-7 -2.704511697223702e-7 -6.484653023876911e-7 -6.913182162368924e-7
-0.9057234032362043 7.156489429989235e-7 3.839828802738634e-7 1.8114473235816912 3.196398961717591e-7 -0.905723156169078 -0.9057231259837684
0.9057235467663853 0.9057232339494025 -2.704511697223702e-7 3.196398961717591e-7 1.8114474010324122 0.9057232216062043 0.9057232099290868
0.9057231025368973 0.9057225299727012 -6.484653023876911e-7 -0.905723156169078 0.9057232216062043 1.8114463945855561 0.9057224877779245
0.905723040569523 0.9057224817946666 -6.913182162368924e-7 -0.9057231259837684 0.9057232099290868 0.9057224877779245 1.811446304100249

# Matrix 11
1.6561345158761767 -0.5520448281508936 0.5520448539688266 -0.5520448618983289 -0.5520448415805559 0.5520448491572416 0.5520448529016876
-0.5520448281508936 1.6561344564233305 -0.5520449158272485 -0.5520447021676467 -0.5520447808289676 0.5520447810919987 0.5520447026904997
0.5520448539688266 -0.5520449158272485 1.656134345653995 -0.5520445881704961 0.5520449723870778 0.5520447818849816 0.5520444601616026
-0.5520448618983289 -0.5520447021676467 -0.5520445881704961 1.656134140127483 0.5520446504988147 -0.5520447219301836 -0.5520443176842157
-0.5520448415805559 -0.5520447808289676 0.5520449723870778 0.5520446504988147 1.6561343998171163 -0.5520447853334085 -0.5520445720198864
0.5520448491572416 0.5520447810919987 0.5520447818849816 -0.5520447219301836 -0.5520447853334085 1.6561344671245506 0.5520447210406041
0.5520448529016876 0.5520447026904997 0.5520444601616026 -0.5520443176842157 -0.5520445720198864 0.5520447210406041 1.6561337280072885

# Matrix 12
1.6561311260532332 -0.5520410540306923 -0.5520428295431576 -0.5520465903403926 -0.552047561906486 0.5520508180817212 -0.5520471046444706
-0.5520410540306923 1.6561330301677841 0.5520437140173996 -0.5520449979659141 -0.5520440073559294 0.5520414180355872 -0.5520450190591757
-0.5520428295431576 0.5520437140173996 1.6561354744962467 -0.5520452452943158 -0.5520446204628509 -0.5520479610828338 -0.5520451459051364
-0.5520465903403926 -0.5520449979659141 -0.5520452452943158 1.6561369270053414 0.5520453460687716 -0.5520451350511315 0.5520458236234614
-0.552047561906486 -0.5520440073559294 -0.5520446204628509 0.5520453460687716 1.6561362585335986 -0.552044203106384 0.5520455183076567
0.5520508180817212 0.5520414180355872 -0.5520479610828338 -0.5520451350511315 -0.552044203106384 1.6561330363579574 -0.5520448879115883
-0.5520471046444706 -0.5520450190591757 -0.5520451459051364 0.5520458236234614 0.5520455183076567 -0.5520448879115883 1.6561369310380551

# Matrix 13
1.65613595952724 0.5520436960526194 -0.5520468902751252 0.5520454388533913 -0.5520466807317664 0.5520440227821699 0.5520469321656148
0.5520436960526194 1.6561290495646073 0.5520404874900481 0.5520443527653826 0.552039575346455 0.5520399689653614 -0.5520392480105272
-0.5520468902751252 0.5520404874900481 1.6561335499149328 -0.5520464951446897 0.5520416034421998 0.5520419960902805 -0.5520415339944015
0.5520454388533913 0.5520443527653826 -0.5520464951446897 1.656136794939099 -0.5520466708534592 -0.5520465573763411 0.5520467329293521
-0.5520466807317664 0.552039575346455 0.5520416034421998 -0.5520466708534592 1.6561318219360253 0.5520413405937202 -0.5520402284319254
0.5520440227821699 0.5520399689653614 0.5520419960902805 -0.5520465573763411 0.5520413405937202 1.6561327126478087 -0.5520411450858934
0.5520469321656148 -0.5520392480105272 -0.5520415339944015 0.5520467329293521 -0.5520402284319254 -0.5520411450858934 1.656131474565487

# Matrix 14
1.8114475901661058 0.9057235874228471 0.905723694175555 0.9057237318522392 -0.905723634457623 0.9057236838729851 -0.9057236463263623
0.9057235874228471 1.8114469762098655 5.35299218295819e-8 -1.5033832442473092e-7 -0.9057238598899285 0.9057241194953466 -0.9057239497144847
0.905723694175555 5.35299218295819e-8 1.8114474168899688 0.9057236845277474 -0.905723508773152 0.9057233653174092 -0.9057234426038784
0.9057237318522392 -1.5033832442473092e-7 0.9057236845277474 1.8114476909529402 2.3550770441363732e-7 0.9057236495246497 2.9642256601577964e-7
-0.905723634457623 -0.9057238598899285 -0.905723508773152 2.3550770441363732e-7 1.8114474464178092 -0.905723448208349 0.9057234782293969
0.9057236838729851 0.9057241194953466 0.9057233653174092 0.9057236495246497 -0.905723448208349 1.8114471500569351 -0.9057233333375987
-0.9057236463263623 -0.9057239497144847 -0.9057234426038784 2.9642256601577964e-7 0.9057234782293969 -0.9057233333375987 1.8114473986672421

