# Matrix 1
1.0991881527914316 0.0262799597365918 0.08940730461353398 0.014610190889380838 -0.02869194107584496 -0.1340817755499106 0.12622416274814488
0.0262799597365918 1.0676088937272938 0.005155032922284709 -0.07043899067147617 0.14059163269335329 0.013925377169076334 0.007612845296371142
0.08940730461353398 0.005155032922284709 0.8604254748258815 -0.06623944742557022 0.0359077908720263 -0.09439150906100127 -0.08195460320863648
0.014610190889380838 -0.07043899067147617 -0.06623944742557022 1.0950105696884331 -0.1523056678445123 -0.04962792182498704 0.1120709889498948
-0.02869194107584496 0.14059163269335329 0.0359077908720263 -0.1523056678445123 1.0441124099745038 -0.09367833504752858 -0.014628315282830212
-0.1340817755499106 0.013925377169076334 -0.09439150906100127 -0.04962792182498704 -0.09367833504752858 1.0159253846215692 -0.11163974591337053
0.12622416274814488 0.007612845296371142 -0.08195460320863648 0.1120709889498948 -0.014628315282830212 -0.11163974591337053 0.9818131422201255

# Matrix 2
1.010776016155437 0.0023456211170045146 0.04444100707188793 -0.02021214059751438 0.017080407457534738 -0.12869422931757946 0.10755118740365421
0.0023456211170045146 1.144920869186391 0.10611932422148318 -0.09506906924818315 0.09357507000751655 0.24572029285588487 0.10337500016714668
0.04444100707188793 0.10611932422148318 0.8849205521114737 -0.0883512909829601 0.037906911314809125 -0.15583857419529631 -0.04063409500204321
-0.02021214059751438 -0.09506906924818315 -0.0883512909829601 0.9714711500198328 -0.39623675258505353 -0.019078955457337177 0.13235527090611404
0.017080407457534738 0.09357507000751655 0.037906911314809125 -0.39623675258505353 1.261706200315357 -0.15584922388896563 -0.03644803345750354
-0.12869422931757946 0.24572029285588487 -0.15583857419529631 -0.019078955457337177 -0.15584922388896563 1.156182345949201 0.015447691868759994
0.10755118740365421 0.10337500016714668 -0.04063409500204321 0.13235527090611404 -0.03644803345750354 0.015447691868759994 0.9649568911905012

# Matrix 3
1.0399794945759382 0.06956207277667616 0.0944052517714648 0.02225687744216655 0.0006340199667826884 -0.11652225644210375 0.1401295693101195
0.06956207277667616 1.1148683168172062 0.07181925409076054 -0.08198275474865444 0.005135407453677389 0.1943797148366012 0.22403813946864587
0.0944052517714648 0.07181925409076054 0.9272006477399883 -0.04223339606455456 0.09647666887877218 -0.2721199724936274 -0.15290405234469023
0.02225687744216655 -0.08198275474865444 -0.04223339606455456 0.9832749460627305 -0.33261868040552006 -0.0010687925465782374 0.22283998136409094
0.0006340199667826884 0.005135407453677389 0.09647666887877218 -0.33261868040552006 1.1221627622624493 -0.23738584898073756 -0.1092396386761444
-0.11652225644210375 0.1943797148366012 -0.2721199724936274 -0.0010687925465782374 -0.23738584898073756 1.2799550495827745 0.05661339667270618
0.1401295693101195 0.22403813946864587 -0.15290405234469023 0.22283998136409094 -0.1092396386761444 0.05661339667270618 1.0267808165641106

# Matrix 4
1.08630575355801 0.02117694955776018 0.12056532186099655 0.12892134437471203 -0.07280737433091344 -0.08984403398641061 0.171020016673327
0.02117694955776018 1.0988699359336378 0.04940929602677437 0.13223980135673663 -0.10328010415034608 0.1534785708778921 0.25185088701966263
0.12056532186099655 0.04940929602677437 0.9840681871210737 0.008931130018951924 -0.02160759915016049 -0.29106914504450343 -0.13517075450680027
0.12892134437471203 0.13223980135673663 0.008931130018951924 1.0026500251211359 -0.24423599837374704 -0.01991068223491361 0.41144055272809066
-0.07280737433091344 -0.10328010415034608 -0.02160759915016049 -0.24423599837374704 1.0046194589872046 -0.26228327343324787 -0.1462441452355805
-0.08984403398641061 0.1534785708778921 -0.29106914504450343 -0.01991068223491361 -0.26228327343324787 1.3712753009560203 -0.027375349961143915
0.171020016673327 0.25185088701966263 -0.13517075450680027 0.41144055272809066 -0.1462441452355805 -0.027375349961143915 1.0556961575762696

# Matrix 5
1.161243727346367 0.07688355034371322 0.19800653404329124 0.15621209331841762 -0.1124071909981357 -0.10738312794936275 0.14316942820395648
0.07688355034371322 0.9770224171751993 0.040850856508558214 0.11105483043714162 -0.08270252147825816 0.08796152135357904 0.10870645016290797
0.19800653404329124 0.040850856508558214 0.9993609044101555 -0.02540877696531136 -0.020346630070565485 -0.33485265343937176 -0.26860513379194684
0.15621209331841762 0.11105483043714162 -0.02540877696531136 1.00234746410485 -0.23780377710774048 0.0187950024809996 0.3705658523068877
-0.1124071909981357 -0.08270252147825816 -0.020346630070565485 -0.23780377710774048 0.9981486889439468 -0.1733525043992566 -0.07989405703535732
-0.10738312794936275 0.08796152135357904 -0.33485265343937176 0.0187950024809996 -0.1733525043992566 1.4175104068973658 0.05442829949923933
0.14316942820395648 0.10870645016290797 -0.26860513379194684 0.3705658523068877 -0.07989405703535732 0.05442829949923933 1.0351538020014632

# Matrix 6
1.2880430568035348 0.046005879263537615 0.205020382719744 0.24801013146563494 -0.07023253346453226 -0.20242920613389814 0.23794993386286395
0.046005879263537615 0.9761341072434503 0.011982730265839809 0.3097840795180101 0.005852579976856039 0.05673009730539348 0.29944462175254183
0.205020382719744 0.011982730265839809 1.036807694474574 -0.06201401973894789 0.07374540962294054 -0.332700552340748 -0.3790236337710455
0.24801013146563494 0.3097840795180101 -0.06201401973894789 1.0604343998848365 -0.15172104110334028 -0.04652380942839735 0.5839484007477391
-0.07023253346453226 0.005852579976856039 0.07374540962294054 -0.15172104110334028 0.8567861625393589 -0.06514564127879408 -0.1433957158581338
-0.20242920613389814 0.05673009730539348 -0.332700552340748 -0.04652380942839735 -0.06514564127879408 1.4602304350122206 -0.10650323370873685
0.23794993386286395 0.29944462175254183 -0.3790236337710455 0.5839484007477391 -0.1433957158581338 -0.10650323370873685 1.311145964026713

# Matrix 7
1.2269290949837357 0.1181372303640326 0.2979410356450466 0.3654096929349948 -0.08964895122431686 -0.33002719704808425 0.3519839661778116
0.1181372303640326 1.0012970024653443 -0.06033050123419441 0.20233579334815127 0.04147335454254962 0.10749368295623889 0.28514961948872825
0.2979410356450466 -0.06033050123419441 1.0923255810479882 0.005992466083839132 0.10549584631210798 -0.23294163253405797 -0.3992752082215846
0.3654096929349948 0.20233579334815127 0.005992466083839132 1.0120848354798326 -0.13158850698130065 -0.22363747736497475 0.5295146069564243
-0.08964895122431686 0.04147335454254962 0.10549584631210798 -0.13158850698130065 0.8990667609576718 0.01283459375017617 -0.16828148564854067
-0.33002719704808425 0.10749368295623889 -0.23294163253405797 -0.22363747736497475 0.01283459375017617 1.6074846284342632 -0.3873222131466184
0.3519839661778116 0.28514961948872825 -0.3992752082215846 0.5295146069564243 -0.16828148564854067 -0.3873222131466184 1.3446759833398

# Matrix 8
1.245297637863457 0.10735649650442386 0.36645333545845565 0.3051948812704616 -0.15122803012369643 -0.27756587470662214 0.43301500879802557
0.10735649650442386 1.011267400254494 -0.0877842793692712 0.23147110670429577 -0.003773889230613142 0.034812137164326414 0.39393687292709734
0.36645333545845565 -0.0877842793692712 1.147724161781987 -0.030555161125056116 0.08693676171398425 -0.10590505040711454 -0.46026764657348507
0.3051948812704616 0.23147110670429577 -0.030555161125056116 0.8983342616482562 -0.08123526765347511 -0.16236702680788986 0.5863689253089578
-0.15122803012369643 -0.003773889230613142 0.08693676171398425 -0.08123526765347511 0.8843767447559766 0.0070859154545992835 -0.14725520087118768
-0.27756587470662214 0.034812137164326414 -0.10590505040711454 -0.16236702680788986 0.0070859154545992835 1.5287709825025513 -0.6106554908483698
0.43301500879802557 0.39393687292709734 -0.46026764657348507 0.5863689253089578 -0.14725520087118768 -0.6106554908483698 1.725807206994174

# Matrix 9
1.201995995500627 0.014534812987665081 0.3367127536415156 0.21489308211685076 -0.13543810053748737 -0.25718133899690754 0.4716842213845214
0.014534812987665081 0.930418014234632 -0.17035511792317576 0.11585359663877026 -0.07223011404225921 0.10345273000971174 0.3930924258369972
0.3367127536415156 -0.17035511792317576 1.0716857849646209 0.05994810830303942 0.19000833574280432 -0.2468988773406319 -0.37782381724336245
0.21489308211685076 0.11585359663877026 0.05994810830303942 0.7114688004581071 -0.09780500034088857 -0.1312435985580671 0.3618686386232503
-0.13543810053748737 -0.07223011404225921 0.19000833574280432 -0.09780500034088857 1.0882970141613963 -0.02884374841824311 -0.10707821782665675
-0.25718133899690754 0.10345273000971174 -0.2468988773406319 -0.1312435985580671 -0.02884374841824311 1.5522225468439408 -0.3822589394035668
0.4716842213845214 0.3930924258369972 -0.37782381724336245 0.3618686386232503 -0.10707821782665675 -0.3822589394035668 1.7191621827030072

# Matrix 10
0.6683148393067815 0.14684833848276008 0.1567496033645484 0.047433642971528384 -0.12779361089643942 0.2643375461650649 -0.20204612996541127
0.14684833848276008 1.2024260896439216 0.07053823279172555 0.31835118163413556 -0.17242344336406656 0.44479193659167376 -0.36165230954102806
0.1567496033645484 0.07053823279172555 0.997468060331255 -0.2065204956979531 -0.24827028582688995 0.43206947690258724 0.09650354083440908
0.047433642971528384 0.31835118163413556 -0.2065204956979531 1.0856822693248342 0.31236550942517016 -0.3808303784407392 -0.29302594130295156
-0.12779361089643942 -0.17242344336406656 -0.24827028582688995 0.31236550942517016 1.1489327859536793 -0.16237021037841487 0.01045741901685827
0.2643375461650649 0.44479193659167376 0.43206947690258724 -0.3808303784407392 -0.16237021037841487 1.5754083425995353 -0.48013369826515284
-0.20204612996541127 -0.36165230954102806 0.09650354083440908 -0.29302594130295156 0.01045741901685827 -0.48013369826515284 1.8433908324564705

# Matrix 11
0.7970351372614458 0.19050614396524146 0.3522240028125713 0.12037917905260212 -0.21010417009975116 0.4300798734641367 -0.3017474260774281
0.19050614396524146 1.086407518018843 0.14651863376355667 0.3245823743506945 -0.08424232504619172 0.4873296763124749 -0.15713844315475617
0.3522240028125713 0.14651863376355667 1.2077790558728836 -0.17945590025516756 -0.48499648186932187 0.4593619351746358 -0.032511571269888295
0.12037917905260212 0.3245823743506945 -0.17945590025516756 1.0101009020058749 0.24035886401996748 -0.23610433148964566 -0.2389654047612922
-0.21010417009975116 -0.08424232504619172 -0.48499648186932187 0.24035886401996748 1.1235041472561655 -0.1405174107852873 -0.15479603545402648
0.4300798734641367 0.4873296763124749 0.4593619351746358 -0.23610433148964566 -0.1405174107852873 1.6422130470748177 -0.6662035139812683
-0.3017474260774281 -0.15713844315475617 -0.032511571269888295 -0.2389654047612922 -0.15479603545402648 -0.6662035139812683 1.9411999288029658

# Matrix 12
0.7143024255819552 0.16804479331096545 0.39705222520708927 0.1095466836609268 -0.2333196442600907 0.36939322774149247 -0.29461932495262483
0.16804479331096545 1.1535653274281759 0.21723188170948643 0.3343218524315889 -0.14651222935878191 0.4800225896367547 -0.2700922237291797
0.39705222520708927 0.21723188170948643 1.2927105234924199 -0.19245284583211492 -0.5705025870595456 0.5817905185396187 0.09882463660994328
0.1095466836609268 0.3343218524315889 -0.19245284583211492 1.0386284807098198 0.13813549270168232 -0.23500360566686515 -0.34749069389681553
-0.2333196442600907 -0.14651222935878191 -0.5705025870595456 0.13813549270168232 1.1086315884939466 -0.14252141153300144 -0.14627601349834599
0.36939322774149247 0.4800225896367547 0.5817905185396187 -0.23500360566686515 -0.14252141153300144 1.64528954368611 -0.8111279636543067
-0.29461932495262483 -0.2700922237291797 0.09882463660994328 -0.34749069389681553 -0.14627601349834599 -0.8111279636543067 2.3119711211945027

# Matrix 13
0.7233747629867624 0.23725034377891346 0.37552620143504944 0.14601316235774578 -0.18323752907270358 0.2794813861449113 -0.04221505925502435
0.23725034377891346 1.1938252157980465 0.2826103981218282 0.2876368840408374 -0.21958927776959689 0.48682387983358166 -0.08056469505492109
0.37552620143504944 0.2826103981218282 1.1847083702972958 -0.15304446884889045 -0.4831817649861206 0.3804451420235727 0.30215082843015717
0.14601316235774578 0.2876368840408374 -0.15304446884889045 0.9767753040610871 0.13872615280314293 -0.15504659800417592 -0.38656891647163566
-0.18323752907270358 -0.21958927776959689 -0.4831817649861206 0.13872615280314293 1.056473223769851 -0.053813018134901816 -0.2756599227715924
0.2794813861449113 0.48682387983358166 0.3804451420235727 -0.15504659800417592 -0.053813018134901816 1.569245520774171 -0.9394756152117801
-0.04221505925502435 -0.08056469505492109 0.30215082843015717 -0.38656891647163566 -0.2756599227715924 -0.9394756152117801 2.690859476384866

# Matrix 14
0.7612686334440457 0.3290292283254608 0.42771488237186084 0.06006830984723968 -0.2562200105983116 0.2224928756560544 0.1887747634241641
0.3290292283254608 1.1761934048196105 0.33656453147482346 0.24341274208043454 -0.21717092830416102 0.42308780513684735 -0.0011763396579575307
0.42771488237186084 0.33656453147482346 1.2991062806461675 -0.17500565641328567 -0.462809056829983 0.3977124290845448 0.5711014056988242
0.06006830984723968 0.24341274208043454 -0.17500565641328567 0.9536505879604045 0.0473393768615509 -0.2419134478906268 -0.41904871880355676
-0.2562200105983116 -0.21717092830416102 -0.462809056829983 0.0473393768615509 1.017039452485165 0.02133486075792309 -0.4218901137688884
0.2224928756560544 0.42308780513684735 0.3977124290845448 -0.2419134478906268 0.02133486075792309 1.4494747069337277 -0.7198325127680387
0.1887747634241641 -0.0011763396579575307 0.5711014056988242 -0.41904871880355676 -0.4218901137688884 -0.7198325127680387 2.772729286837838

# Matrix 15
0.7680065838434527 0.29313344461899415 0.40280576714119937 0.02038732153361007 -0.2236470516431494 0.2739966276383862 0.22141881602190105
0.29313344461899415 1.2658735381315092 0.33715363143747573 0.2556359578803638 -0.2611927758530936 0.45084292471273035 0.12504954804471427
0.40280576714119937 0.33715363143747573 1.1513383875982985 -0.13875524582010842 -0.4094276153515174 0.4110168798184238 0.5152321840052009
0.02038732153361007 0.2556359578803638 -0.13875524582010842 1.016450918304482 0.04066165653810693 -0.3110114966196546 -0.4098565111614405
-0.2236470516431494 -0.2611927758530936 -0.4094276153515174 0.04066165653810693 1.0726893246236764 -0.11299400017476849 -0.3282956103585587
0.2739966276383862 0.45084292471273035 0.4110168798184238 -0.3110114966196546 -0.11299400017476849 1.478558765570032 -0.5749087534788915
0.22141881602190105 0.12504954804471427 0.5152321840052009 -0.4098565111614405 -0.3282956103585587 -0.5749087534788915 2.450675557432539

# Matrix 16
0.819094058586745 0.3372962717499332 0.45559454331542193 -0.05060081169985718 -0.35747075878037254 0.3241762149647497 0.2359169035504276
0.3372962717499332 1.2220516958567316 0.3896543975503527 0.1742097912985866 -0.23459834245027272 0.5238217382335959 0.14847819700829423
0.45559454331542193 0.3896543975503527 1.2900361321529348 -0.2106936887774618 -0.5511787026121275 0.47115162635275987 0.5539125509525934
-0.05060081169985718 0.1742097912985866 -0.2106936887774618 1.0240748118383238 0.15195280828925578 -0.261160649934706 -0.399890728756899
-0.35747075878037254 -0.23459834245027272 -0.5511787026121275 0.15195280828925578 1.1508876730702176 -0.14922893414848235 -0.3824224198109298
0.3241762149647497 0.5238217382335959 0.47115162635275987 -0.261160649934706 -0.14922893414848235 1.4758313214354213 -0.5360684147435688
0.2359169035504276 0.14847819700829423 0.5539125509525934 -0.399890728756899 -0.3824224198109298 -0.5360684147435688 2.259795144741328

# Matrix 17
0.9077385770348423 0.2801747018558288 0.4500816206384237 -0.11505824740366052 -0.4053277948942971 0.40497644655646775 0.15040747540294513
0.2801747018558288 0.9879181694627502 0.2824332357609797 0.14438737143963704 -0.19227023798532097 0.4659743091281404 0.10615128016326997
0.4500816206384237 0.2824332357609797 1.2315934324473914 -0.2860762816987742 -0.6411650708848203 0.3652555890476166 0.5176361988719801
-0.11505824740366052 0.14438737143963704 -0.2860762816987742 1.0902382262230805 0.18569194833969074 -0.3066795838874765 -0.36492466647359784
-0.4053277948942971 -0.19227023798532097 -0.6411650708848203 0.18569194833969074 1.2759239431424714 -0.1422122503087515 -0.4481876840283723
0.40497644655646775 0.4659743091281404 0.3652555890476166 -0.3066795838874765 -0.1422122503087515 1.5850382168883717 -0.6392653172354374
0.15040747540294513 0.10615128016326997 0.5176361988719801 -0.36492466647359784 -0.4481876840283723 -0.6392653172354374 2.130236178603231

# Matrix 18
0.8020218716809424 0.19337314364103864 0.40725857965388623 -0.13186999364581492 -0.39607649666111033 0.39803125922907956 0.1436770803677378
0.19337314364103864 0.9974164186383218 0.1592959559567928 0.10392289560940735 -0.06826860631974822 0.625602424270982 -0.020198770367274483
0.40725857965388623 0.1592959559567928 1.108562063216396 -0.21282895418077502 -0.5790635623403033 0.24787997212841936 0.38239139872212535
-0.13186999364581492 0.10392289560940735 -0.21282895418077502 1.092911999774678 0.07282123096470595 -0.3664595118026445 -0.2925796905768203
-0.39607649666111033 -0.06826860631974822 -0.5790635623403033 0.07282123096470595 1.2667428285208637 0.07263006024573354 -0.3176383442818451
0.39803125922907956 0.625602424270982 0.24787997212841936 -0.3664595118026445 0.07263006024573354 1.8718463002562595 -0.7234214963141077
0.1436770803677378 -0.020198770367274483 0.38239139872212535 -0.2925796905768203 -0.3176383442818451 -0.7234214963141077 2.0865920855543134

# Matrix 19
0.7981725425692421 0.20398879110143037 0.41689566836908226 -0.20334851200568882 -0.32359169368870655 0.3969110639882055 0.16731455167942166
0.20398879110143037 0.9521207986316453 0.2335129129454957 0.12841967126328635 -0.1487217744913818 0.6340872763434529 -0.07564294947958904
0.41689566836908226 0.2335129129454957 1.15632098188706 -0.24742762130726897 -0.48041516344554996 0.38753019318405746 0.2834904330349633
-0.20334851200568882 0.12841967126328635 -0.24742762130726897 1.196436869453923 0.05252638672602465 -0.31572384184702407 -0.34272902824446094
-0.32359169368870655 -0.1487217744913818 -0.48041516344554996 0.05252638672602465 1.1824503356643559 -0.06211469513719673 -0.13213418251409692
0.3969110639882055 0.6340872763434529 0.38753019318405746 -0.31572384184702407 -0.06211469513719673 1.83957964784326 -0.7964117762904901
0.16731455167942166 -0.07564294947958904 0.2834904330349633 -0.34272902824446094 -0.13213418251409692 -0.7964117762904901 2.054774579350969

# Matrix 20
0.738536685710843 0.1564532669891134 -0.33140215690744984 -0.1813121802610239 -0.26530661730952165 -0.3294987644792041 -0.13923213095553796
0.1564532669891134 0.9597161615859668 0.05131566270334379 0.27401441916504177 -0.14089976757800926 0.37848381184262947 0.2970360911035157
-0.33140215690744984 0.05131566270334379 1.21673789123985 -0.1643957200201489 -0.1243600935093777 0.45500966684544714 0.6177100085105328
-0.1813121802610239 0.27401441916504177 -0.1643957200201489 1.2179537403509526 0.0397830613815581 -0.07179881650809199 -0.39884880569305275
-0.26530661730952165 -0.14089976757800926 -0.1243600935093777 0.0397830613815581 1.1736200111662327 0.2484127008669171 0.009147438441997943
-0.3294987644792041 0.37848381184262947 0.45500966684544714 -0.07179881650809199 0.2484127008669171 1.5930902010513774 0.8133224279368015
-0.13923213095553796 0.2970360911035157 0.6177100085105328 -0.39884880569305275 0.009147438441997943 0.8133224279368015 1.9731497877314752

# Matrix 21
0.6242795691272679 0.21033956824879257 -0.31059943681294 -0.07588871243716035 -0.2300524690740185 -0.29939214391344493 -0.1658185308389504
0.21033956824879257 1.0497687058392249 0.08911413193350727 0.2745741464551541 -0.14943967293267096 0.32717986210294225 0.18364179898431765
-0.31059943681294 0.08911413193350727 1.2071776247922448 -0.1920305434671457 -0.16997731008251848 0.3235855194693675 0.5967230618389143
-0.07588871243716035 0.2745741464551541 -0.1920305434671457 1.1859630873574982 0.06315586558598249 -0.025623541949869974 -0.40458142316634493
-0.2300524690740185 -0.14943967293267096 -0.16997731008251848 0.06315586558598249 1.175362967571046 0.16163298007024562 -0.07267871642952096
-0.29939214391344493 0.32717986210294225 0.3235855194693675 -0.025623541949869974 0.16163298007024562 1.5934938424051492 0.6095005669443504
-0.1658185308389504 0.18364179898431765 0.5967230618389143 -0.40458142316634493 -0.07267871642952096 0.6095005669443504 1.8427825277399097

# Matrix 22
0.5621696282650368 0.17241801118783123 -0.28980794266906207 -0.14448305832160802 -0.23120949925040085 -0.24406953933315484 -0.10332590782890805
0.17241801118783123 1.1506083057098648 0.1222414398951635 0.19489856989783685 -0.1272763025245474 0.5804476191497365 0.4161514386496378
-0.28980794266906207 0.1222414398951635 1.2500442824851907 -0.24602109841299058 -0.1511998372120858 0.4576213679697658 0.6124809972101203
-0.14448305832160802 0.19489856989783685 -0.24602109841299058 1.2491223915800402 0.10780576152340346 -0.1952307877524801 -0.5063193645934561
-0.23120949925040085 -0.1272763025245474 -0.1511998372120858 0.10780576152340346 1.142985824035526 0.14163945688588367 -0.0039043145532379267
-0.24406953933315484 0.5804476191497365 0.4576213679697658 -0.1952307877524801 0.14163945688588367 1.8533807499707309 0.9452612854946711
-0.10332590782890805 0.4161514386496378 0.6124809972101203 -0.5063193645934561 -0.0039043145532379267 0.9452612854946711 2.0128037601703594

# Matrix 23
0.6326212451058476 0.22857680679714582 -0.24953375081155937 -0.050213730392120556 -0.16415543299768828 -0.2809225441772314 -0.0997930340252425
0.22857680679714582 1.1573289679381336 0.23909606867593763 0.21800903986912856 -0.12546809129417794 0.5162677682639617 0.3775327771116187
-0.24953375081155937 0.23909606867593763 1.1895966042241568 -0.2701500498397516 -0.12845151264240742 0.4908431759577647 0.5626707702304908
-0.050213730392120556 0.21800903986912856 -0.2701500498397516 1.3088329646265664 0.17852112318949484 -0.24190207938493002 -0.4071990871082433
-0.16415543299768828 -0.12546809129417794 -0.12845151264240742 0.17852112318949484 1.0113957810874676 0.17141157304533652 0.08621208707718189
-0.2809225441772314 0.5162677682639617 0.4908431759577647 -0.24190207938493002 0.17141157304533652 1.7991304793610243 0.8257655840229239
-0.0997930340252425 0.3775327771116187 0.5626707702304908 -0.4071990871082433 0.08621208707718189 0.8257655840229239 1.839762086944705

# Matrix 24
0.5790542995689596 0.18952068681603473 -0.1145125615660735 -0.05734534965471547 -0.091703846355173 -0.2921258355663914 -0.030569756722197514
0.18952068681603473 1.161035946566413 0.19422937530805534 0.2086838905656494 0.03900185512286907 0.4721541107879954 0.4144703566527258
-0.1145125615660735 0.19422937530805534 0.9356089528507123 -0.2646025568695705 -0.18759669985354277 0.4370520367893219 0.2848920432836945
-0.05734534965471547 0.2086838905656494 -0.2646025568695705 1.3194837255741423 0.20208627252523942 -0.374933499769222 -0.24265883230394303
-0.091703846355173 0.03900185512286907 -0.18759669985354277 0.20208627252523942 1.176494438806763 0.28418423466771053 0.4118729784416373
-0.2921258355663914 0.4721541107879954 0.4370520367893219 -0.374933499769222 0.28418423466771053 1.8438342178629317 0.7664866440645515
-0.030569756722197514 0.4144703566527258 0.2848920432836945 -0.24265883230394303 0.4118729784416373 0.7664866440645515 1.8518547997885064

# Matrix 25
0.6214445394689264 0.23689349985471303 -0.08065990975281301 -0.16572915098251192 -0.11371225817283048 -0.3624924730987578 0.09671920959670374
0.23689349985471303 1.1111659686570672 0.14086551618134738 0.23415650570316437 0.00229578156195456 0.39246933484572816 0.4010751540992068
-0.08065990975281301 0.14086551618134738 0.9758103927277512 -0.28089551774075505 -0.21945823416948007 0.287807742909523 0.3666389140631489
-0.16572915098251192 0.23415650570316437 -0.28089551774075505 1.495670384948179 0.27461678436458337 -0.2963897104151951 -0.3642771560107993
-0.11371225817283048 0.00229578156195456 -0.21945823416948007 0.27461678436458337 1.0420126738050155 0.1981347222500245 0.33822781405333474
-0.3624924730987578 0.39246933484572816 0.287807742909523 -0.2963897104151951 0.1981347222500245 1.796960334217062 0.7012084741560297
0.09671920959670374 0.4010751540992068 0.3666389140631489 -0.3642771560107993 0.33822781405333474 0.7012084741560297 2.0297824505987143

# Matrix 26
0.7256253601133995 0.24714064511204856 -0.10708240695940094 -0.23499529821139997 -0.05834459685531199 -0.39772322712786057 0.2139615248379333
0.24714064511204856 0.9916001894221558 0.08948152479193378 0.1932611804828127 0.012416814133128822 0.3353999220393402 0.28933138586822893
-0.10708240695940094 0.08948152479193378 0.9244690163833773 -0.2745188812157435 -0.2579264469294582 0.31505387057308 0.29932824407406233
-0.23499529821139997 0.1932611804828127 -0.2745188812157435 1.3878114508726211 0.33993221928016837 -0.287870177282729 -0.5095417324247795
-0.05834459685531199 0.012416814133128822 -0.2579264469294582 0.33993221928016837 1.08106492085587 0.02528520554343268 0.29707336483657476
-0.39772322712786057 0.3353999220393402 0.31505387057308 -0.287870177282729 0.02528520554343268 1.9007993635927223 0.4671263051159169
0.2139615248379333 0.28933138586822893 0.29932824407406233 -0.5095417324247795 0.29707336483657476 0.4671263051159169 2.011513101861221

# Matrix 27
0.6352600440800992 0.1996520441327011 -0.026151604928500723 -0.16864165873180068 -0.10779921779966753 -0.31336988879925187 0.2157749297830614
0.1996520441327011 0.9360854098162074 0.293347730678594 0.16001455668418976 -0.07780034360964537 0.4414528522515764 0.3038063620564838
-0.026151604928500723 0.293347730678594 1.0563464353970562 -0.20691583064533475 -0.27399357615396475 0.39478322890224865 0.4087576771776595
-0.16864165873180068 0.16001455668418976 -0.20691583064533475 1.2803500705651736 0.2925877067934503 -0.34692904275685094 -0.517602878333847
-0.10779921779966753 -0.07780034360964537 -0.27399357615396475 0.2925877067934503 1.129362870712437 -0.07575013193572562 0.31736941574402017
-0.31336988879925187 0.4414528522515764 0.39478322890224865 -0.34692904275685094 -0.07575013193572562 2.0014072093595447 0.5179239998936391
0.2157749297830614 0.3038063620564838 0.4087576771776595 -0.517602878333847 0.31736941574402017 0.5179239998936391 2.1195638261136067

# Matrix 28
0.6411229784495533 0.0690214417359451 -0.11873641445062183 -0.23031463862794224 -0.035538649157552435 -0.33570161675466154 0.13260192010790917
0.0690214417359451 0.8423693872811806 0.2666057836644183 0.23140205907952816 0.01113101216950453 0.5034349174393852 0.15643505804707789
-0.11873641445062183 0.2666057836644183 1.0364221902279074 -0.1858557124349636 -0.43729301677336646 0.4607673458749409 0.19633491702398134
-0.23031463862794224 0.23140205907952816 -0.1858557124349636 1.380815231104297 0.2996029405423127 -0.2825619397599268 -0.5101404418920304
-0.035538649157552435 0.01113101216950453 -0.43729301677336646 0.2996029405423127 1.1674917309804933 -0.0888431480283531 0.2146774479046302
-0.33570161675466154 0.5034349174393852 0.4607673458749409 -0.2825619397599268 -0.0888431480283531 2.0182239999337193 0.38904878547427413
0.13260192010790917 0.15643505804707789 0.19633491702398134 -0.5101404418920304 0.2146774479046302 0.38904878547427413 2.014307758306472

# Matrix 29
0.6765832023159682 0.04149451360318012 -0.10407881269500616 -0.296974341782473 0.04983820778308347 -0.3460892599314345 0.3168594533132712
0.04149451360318012 0.8507043040970266 0.19929851434602397 0.2793562492532499 0.08887684954503301 0.5376491119285407 0.21944833486889861
-0.10407881269500616 0.19929851434602397 0.8882445668931143 -0.05272151927394978 -0.4119245182634633 0.36959752775486715 0.11982848604262697
-0.296974341782473 0.2793562492532499 -0.05272151927394978 1.2880126397482434 0.24270857021879563 -0.3206271841912182 -0.48901318243748576
0.04983820778308347 0.08887684954503301 -0.4119245182634633 0.24270857021879563 1.3401604771328597 -0.15361911134145742 0.4187259188081749
-0.3460892599314345 0.5376491119285407 0.36959752775486715 -0.3206271841912182 -0.15361911134145742 2.0206417557521106 0.35711593655204826
0.3168594533132712 0.21944833486889861 0.11982848604262697 -0.48901318243748576 0.4187259188081749 0.35711593655204826 2.437838259564166

# Matrix 30
0.7859096925151073 -0.0691748028222227 -0.20139598138747658 0.38209114056736526 -0.011483242889472245 -0.06503810783468851 -0.37268952512291526
-0.0691748028222227 1.0837379648885164 0.31494424099004414 0.4566948987781605 0.35254853788460166 0.05276898108041112 0.24277807283076808
-0.20139598138747658 0.31494424099004414 0.8841859317931614 -0.15097130806138354 0.413624262442017 0.006653051271101786 0.27908749123263943
0.38209114056736526 0.4566948987781605 -0.15097130806138354 1.3770423250907025 0.1628422986478105 0.3068656301319308 -0.4731403031696291
-0.011483242889472245 0.35254853788460166 0.413624262442017 0.1628422986478105 1.299176175062466 0.135887942365986 0.5852019230283967
-0.06503810783468851 0.05276898108041112 0.006653051271101786 0.3068656301319308 0.135887942365986 1.1155284013161573 -0.04551661035934869
-0.37268952512291526 0.24277807283076808 0.27908749123263943 -0.4731403031696291 0.5852019230283967 -0.04551661035934869 2.255105098834173

# Matrix 31
0.7564989062462366 0.01981415694176507 -0.21467106175346484 0.4957445241270965 -0.020692030659094498 -0.02732325338936107 -0.4152311549997279
0.01981415694176507 0.9990816082956135 0.2452050662442143 0.5408911220299306 0.3191844888014234 0.16566273774710968 0.0019497232646246971
-0.21467106175346484 0.2452050662442143 0.8659083765472285 -0.29314694905057387 0.3239782837485835 0.015338131668611928 0.3098514135095388
0.4957445241270965 0.5408911220299306 -0.29314694905057387 1.5811887809633356 0.13929030566894227 0.38689943284430384 -0.6683684346747655
-0.020692030659094498 0.3191844888014234 0.3239782837485835 0.13929030566894227 1.3467043572293278 0.12752583551259825 0.5698609041365018
-0.02732325338936107 0.16566273774710968 0.015338131668611928 0.38689943284430384 0.12752583551259825 1.2985318205465024 -0.054792164951206285
-0.4152311549997279 0.0019497232646246971 0.3098514135095388 -0.6683684346747655 0.5698609041365018 -0.054792164951206285 2.1656922399227354

# Matrix 32
0.8122124580343475 -0.04518023735910503 -0.26649261247950595 0.5140448380249618 0.01176262110717786 0.0687197670162528 -0.24447217288283865
-0.04518023735910503 1.0038872285496965 0.2962360609498267 0.3889024708486741 0.1577095720737988 0.19066966693731935 0.057108674851543854
-0.26649261247950595 0.2962360609498267 0.9484874758051528 -0.27704925006279507 0.33767248290366 -0.0581468322459337 0.17027621627663844
0.5140448380249618 0.3889024708486741 -0.27704925006279507 1.3334015240703538 0.013061673061578205 0.35972554868634166 -0.5012107530056292
0.01176262110717786 0.1577095720737988 0.33767248290366 0.013061673061578205 1.4136267431082306 -0.07674846105521937 0.4324357756349004
0.0687197670162528 0.19066966693731935 -0.0581468322459337 0.35972554868634166 -0.07674846105521937 1.1439264454922269 -0.3013808541796675
-0.24447217288283865 0.057108674851543854 0.17027621627663844 -0.5012107530056292 0.4324357756349004 -0.3013808541796675 1.9538306551864195

# Matrix 33
0.6152789257122665 -0.13194673281506059 -0.23299322047865267 0.32598142662616525 -0.011484235463982143 -0.028554774682681014 -0.1891378199835713
-0.13194673281506059 1.0121749975596646 0.32050535971607885 0.2751274769152058 0.11784753196614425 0.1761791102040126 -0.03573929240257134
-0.23299322047865267 0.32050535971607885 1.0122245310276405 -0.23104416061943095 0.2565820140192382 -0.03578189924909542 0.11868615462719011
0.32598142662616525 0.2751274769152058 -0.23104416061943095 1.1116576786888768 -0.002852475031054559 0.3711206690713238 -0.3948427929524919
-0.011484235463982143 0.11784753196614425 0.2565820140192382 -0.002852475031054559 1.3388669038124472 0.05213435583126147 0.43187901204725127
-0.028554774682681014 0.1761791102040126 -0.03578189924909542 0.3711206690713238 0.05213435583126147 1.4282150075836202 -0.2827400292253704
-0.1891378199835713 -0.03573929240257134 0.11868615462719011 -0.3948427929524919 0.43187901204725127 -0.2827400292253704 1.8974657080882649

# Matrix 34
0.6515352862195168 -0.15791273150126744 -0.3276492633798796 0.372618282270055 -0.0325646970847135 0.1752219211780194 -0.26742679701401123
-0.15791273150126744 1.1343272133722098 0.41415936943894377 0.2509817951902534 -0.06752612330705565 0.23841435524633126 -0.0790708243261206
-0.3276492633798796 0.41415936943894377 1.0156434127200178 -0.21396719072330914 0.13771528748157416 -0.015053312945171796 0.18905556892781045
0.372618282270055 0.2509817951902534 -0.21396719072330914 0.9769242918206673 -0.1374946767487253 0.565702244726959 -0.4699394577746957
-0.0325646970847135 -0.06752612330705565 0.13771528748157416 -0.1374946767487253 1.3307805547443237 0.058747794427618044 0.41585679406158105
0.1752219211780194 0.23841435524633126 -0.015053312945171796 0.565702244726959 0.058747794427618044 1.4995713415262009 -0.6067645169109727
-0.26742679701401123 -0.0790708243261206 0.18905556892781045 -0.4699394577746957 0.41585679406158105 -0.6067645169109727 2.4618646154927872

# Matrix 35
0.6895457859935484 -0.13525277626129542 -0.36311035958580545 0.4757125566530375 0.012243704404994053 0.17286062723475884 -0.3750426441618531
-0.13525277626129542 1.0712559051907626 0.4501663178638213 0.27945881394333166 0.025835576776871132 0.29355047719342503 -0.24025037526963886
-0.36311035958580545 0.4501663178638213 1.1388566991314417 -0.35527306759300376 0.01838068480607963 -0.0534354667925637 0.26482065749137873
0.4757125566530375 0.27945881394333166 -0.35527306759300376 1.145546742913886 0.02445643677452506 0.6815563974580255 -0.6187319960417744
0.012243704404994053 0.025835576776871132 0.01838068480607963 0.02445643677452506 1.410503116778686 0.23738335644067945 0.2547455047209264
0.17286062723475884 0.29355047719342503 -0.0534354667925637 0.6815563974580255 0.23738335644067945 1.5584043894421957 -0.6596307016322457
-0.3750426441618531 -0.24025037526963886 0.26482065749137873 -0.6187319960417744 0.2547455047209264 -0.6596307016322457 2.4055719598054948

# Matrix 36
0.6851457225793444 -0.24845971070948283 -0.44005419369728416 0.44115918662549214 0.0506849551851517 0.1715347622342852 -0.29287521903426933
-0.24845971070948283 1.1598121214534804 0.6183936673719301 0.10118903445611657 0.01778751997136942 0.3182014015154888 -0.1875807738759537
-0.44005419369728416 0.6183936673719301 1.232516383991763 -0.38358199651419767 -0.06511407201515873 0.044811882342565966 0.15503262956923863
0.44115918662549214 0.10118903445611657 -0.38358199651419767 1.084054196192272 0.09775816731068357 0.6650266813510602 -0.40874713566772897
0.0506849551851517 0.01778751997136942 -0.06511407201515873 0.09775816731068357 1.2786819002652994 0.1484207649539427 -0.056042074235270745
0.1715347622342852 0.3182014015154888 0.044811882342565966 0.6650266813510602 0.1484207649539427 1.6616974521818126 -0.5232221520139514
-0.29287521903426933 -0.1875807738759537 0.15503262956923863 -0.40874713566772897 -0.056042074235270745 -0.5232221520139514 2.1119225658335754

# Matrix 37
0.6069721814596453 -0.2683946296857411 -0.4157963995171099 0.4336639385232438 0.03499522852741663 0.13672953829024134 -0.17016300070987814
-0.2683946296857411 1.2947078667630403 0.5792416116790573 0.08073174649302045 0.05871212827321687 0.46568349874639414 -0.10945475462164767
-0.4157963995171099 0.5792416116790573 1.2208367948449612 -0.4728386529861366 0.07906132323564015 0.003683432845668023 0.2975173611002475
0.4336639385232438 0.08073174649302045 -0.4728386529861366 1.1563309283455903 0.028939866716268 0.7347725782984016 -0.4461433862221419
0.03499522852741663 0.05871212827321687 0.07906132323564015 0.028939866716268 1.224209305657224 0.22885801701881464 -0.06813759943995934
0.13672953829024134 0.46568349874639414 0.003683432845668023 0.7347725782984016 0.22885801701881464 1.7740907956075682 -0.5813656357391908
-0.17016300070987814 -0.10945475462164767 0.2975173611002475 -0.4461433862221419 -0.06813759943995934 -0.5813656357391908 2.1263166353968366

# Matrix 38
0.7208292238434933 -0.23180888418296589 -0.4737235773916927 0.516246802630971 -0.023034589242607425 0.18794011433651295 -0.2063597911096203
-0.23180888418296589 1.3161994100502534 0.6852145566730594 0.012733194508757852 -0.02686858924673083 0.5034348258812504 -0.059060756547256496
-0.4737235773916927 0.6852145566730594 1.3378597496039653 -0.5225541481905884 0.023887250295010008 0.05624921735411563 0.285219740239111
0.516246802630971 0.012733194508757852 -0.5225541481905884 1.1377933916621945 -0.022676811584009915 0.5611145699174501 -0.370817094655716
-0.023034589242607425 -0.02686858924673083 0.023887250295010008 -0.022676811584009915 1.2266097382045376 0.06656883309251715 0.005456070217988334
0.18794011433651295 0.5034348258812504 0.05624921735411563 0.5611145699174501 0.06656883309251715 1.5661589569592542 -0.4729385521563404
-0.2063597911096203 -0.059060756547256496 0.285219740239111 -0.370817094655716 0.005456070217988334 -0.4729385521563404 1.8202251677120227

# Matrix 39
0.7952185772217693 -0.24827294901376595 -0.5206583887055242 0.6668965906363125 -0.034948983528063776 0.2018538391899933 -0.10833660564889287
-0.24827294901376595 1.6466421424481497 0.8454790040884632 0.024648116885093555 -0.17111483531689226 0.5398207433231392 -0.0436237581019859
-0.5206583887055242 0.8454790040884632 1.3831292109950284 -0.5311421058913026 -0.07780907985461752 0.12849499073533258 0.15628003363517978
0.6668965906363125 0.024648116885093555 -0.5311421058913026 1.2906656447307783 -0.026361603994542706 0.5789702835096067 -0.20931571591727532
-0.034948983528063776 -0.17111483531689226 -0.07780907985461752 -0.026361603994542706 1.2253380249493455 -0.007359478963742921 -0.021180744134319616
0.2018538391899933 0.5398207433231392 0.12849499073533258 0.5789702835096067 -0.007359478963742921 1.3761746022718384 -0.43391578529286345
-0.10833660564889287 -0.0436237581019859 0.15628003363517978 -0.20931571591727532 -0.021180744134319616 -0.43391578529286345 1.6584399427646803

# Matrix 40
0.7470514702509463 0.13953679367842203 -0.1411475270537285 0.28338113704175216 -0.1424425119857201 0.27203087901918827 -0.24494460702975124
0.13953679367842203 1.0340332754435002 -0.13399668689985678 -0.26260150079208483 -0.24108481730705475 0.4252344452461601 -0.009806838076482405
-0.1411475270537285 -0.13399668689985678 0.8529364821565844 0.18543817818771838 0.05142700906458006 -0.44605479044653873 -0.17267770701843835
0.28338113704175216 -0.26260150079208483 0.18543817818771838 1.3173252517143688 -0.1089929753826353 0.06359028390947005 -0.23382891620966353
-0.1424425119857201 -0.24108481730705475 0.05142700906458006 -0.1089929753826353 1.2109486180232354 -0.057730093852796746 -0.09089845325609772
0.27203087901918827 0.4252344452461601 -0.44605479044653873 0.06359028390947005 -0.057730093852796746 1.4459520542975537 -0.3280102049052327
-0.24494460702975124 -0.009806838076482405 -0.17267770701843835 -0.23382891620966353 -0.09089845325609772 -0.3280102049052327 1.6057591815279963

# Matrix 41
0.862156676241999 0.14041446470812138 -0.03659146311235568 0.3473626701141835 -0.10124915012758011 0.3013404499641427 -0.3015449523258763
0.14041446470812138 1.0694595782397027 -0.058890152811525334 -0.2369897038041743 -0.3085069898505359 0.4505220882008674 -0.040639840703548584
