# Matrix 1
1.1905517424497214 -0.39684944526569227 0.39685489592982426
-0.39684944526569227 1.1905517865424897 0.3968465962160364
0.39685489592982426 0.3968465962160364 1.1905489863981225

# Matrix 2
1.1905535132780078 -0.39684948997461655 0.3968578993537923
-0.39684948997461655 1.1905475532807726 0.39684581198346236
0.3968578993537923 0.39684581198346236 1.19055371274193

# Matrix 3
1.1905472803458885 -0.3968515746053068 -0.3968443855823979
-0.3968515746053068 1.1905541660541061 -0.3968512702976671
-0.3968443855823979 -0.3968512702976671 1.1905473620583582

# Matrix 4
1.1905506593253985 -0.3968489680117652 0.39685062535722415
-0.3968489680117652 1.1905510351075304 0.39685107773678413
0.39685062535722415 0.39685107773678413 1.1905505546269426

# Matrix 5
1.1905504440226105 -0.39684855197751323 -0.39685295285171107
-0.39684855197751323 1.1905506153556789 -0.3968489190165949
-0.39685295285171107 -0.3968489190165949 1.190550942427262

# Matrix 6
1.1905501067978776 -0.39685193381028877 -0.3968494135427358
-0.39685193381028877 1.190550402182369 -0.39684881327644267
-0.3968494135427358 -0.39684881327644267 1.1905512296066707

# Matrix 7
1.1905507618104445 -0.396848258175281 -0.39685167478016253
-0.396848258175281 1.1905509011051847 -0.3968509608193838
-0.39685167478016253 -0.3968509608193838 1.1905508088156591

# Matrix 8
1.1905497084587222 -0.39685309791125184 0.396852430349586
-0.39685309791125184 1.1905515417002623 0.3968460866189953
0.396852430349586 0.3968460866189953 1.190551942699429

# Matrix 9
1.190554386870716 -0.3968507440297782 -0.3968518356744497
-0.3968507440297782 1.1905521808746053 -0.3968504049959258
-0.3968518356744497 -0.3968504049959258 1.1905479949196631

# Matrix 10
1.5873861289097264 0.7936924542839678 0.7936929216680659
0.7936924542839678 1.190550508735476 0.3968457104607808
0.7936929216680659 0.3968457104607808 1.1905503163123745

# Matrix 11
1.1905489611837157 0.3968480733147019 -0.3968539897354693
0.3968480733147019 1.1905507450038029 0.3968493021133824
-0.3968539897354693 0.3968493021133824 1.1905532369426708

# Matrix 12
1.1905520299684818 -0.3968516933035651 -0.396850378100773
-0.3968516933035651 1.190550794924914 -0.39684922751427454
-0.396850378100773 -0.39684922751427454 1.190550051978959

# Matrix 13
1.1905512873905244 0.39685205719942585 0.3968507758772144
0.39685205719942585 1.190549831182801 -0.39684689710796234
0.3968507758772144 -0.39684689710796234 1.1905501895714072

# Matrix 14
1.1905525202288583 0.3968502205509765 -0.39685142003519386
0.3968502205509765 1.1905524549639457 0.3968507095516822
-0.39685142003519386 0.3968507095516822 1.190548952904005

# Matrix 15
1.1905521518792657 0.396848853112789 -0.39685016412977264
0.396848853112789 1.1905502560349814 0.396847641283856
-0.39685016412977264 0.396847641283856 1.1905458285821962

# Matrix 16
1.1905504543030052 0.39684939058181345 -0.3968494841397619
0.39684939058181345 1.1905507851567074 0.3968508619583016
-0.3968494841397619 0.3968508619583016 1.1905500751739382

# Matrix 17
1.190549848185604 0.39685158047291097 0.3968494074929524
0.39685158047291097 1.1905498595404254 -0.3968487421974366
0.3968494074929524 -0.3968487421974366 1.1905516003956176

# Matrix 18
1.1905497082084668 0.39684634765705057 0.3968562758082793
0.39684634765705057 1.1905516867720216 -0.39684733090799995
0.3968562758082793 -0.39684733090799995 1.1905501373910172

# Matrix 19
1.1905502768968053 0.39684922004679385 0.3968518158563752
0.39684922004679385 1.1905490292134053 -0.396849435673341
0.3968518158563752 -0.396849435673341 1.1905527434218717

# Matrix 20
1.1905511019550417 0.39685062982342467 -0.3968479737775251
0.39685062982342467 1.1905491861059758 0.39684934045489917
-0.3968479737775251 0.39684934045489917 1.1905492339539512

# Matrix 21
1.1905482545820947 0.39684829916990755 0.3968557652631427
0.39684829916990755 1.1905509077966496 -0.396844486823998
0.3968557652631427 -0.396844486823998 1.1905509668848047

# Matrix 22
1.1905492388912515 -0.39685313740408074 0.39684602709615685
-0.39685313740408074 1.190549556046945 0.3968452618758653
0.39684602709615685 0.3968452618758653 1.1905472094256933

# Matrix 23
1.1905506134208435 0.3968499764627709 -0.3968503735144309
0.3968499764627709 1.1905509771692835 0.3968497169493535
-0.3968503735144309 0.3968497169493535 1.1905500542893854

# Matrix 24
1.190551526021643 -0.3968499693641848 0.39685022394454855
-0.3968499693641848 1.190550014651398 0.39684949782147244
0.39685022394454855 0.39684949782147244 1.1905497284106292

# Matrix 25
1.1905512180096578 0.39684910646083843 -0.39685320111700934
0.39684910646083843 1.1905500055031926 0.396849105355295
-0.39685320111700934 0.396849105355295 1.1905517673780088

# Matrix 26
1.1905508384029837 0.39685050859880827 -0.39684861879335726
0.39685050859880827 1.1905479503243157 0.39684920672222906
-0.39684861879335726 0.39684920672222906 1.190551123347709

# Matrix 27
1.1905488557164676 0.3968498477929362 -0.3968489660001999
0.3968498477929362 1.1905523252627357 0.39685016896482683
-0.3968489660001999 0.39685016896482683 1.1905493797347662

# Matrix 28
1.1905505862300871 -0.39684978241994817 0.3968510466696086
-0.39684978241994817 1.1905507903085986 0.3968498643995242
0.3968510466696086 0.3968498643995242 1.19055089490337

# Matrix 29
1.1905515984622514 -0.39685195911180726 0.3968506758940661
-0.39685195911180726 1.1905507692130253 0.39684806140266216
0.3968506758940661 0.39684806140266216 1.1905499066891367

# Matrix 30
1.1905528213487133 0.39684843982784723 0.3968593704147946
0.39684843982784723 1.1905502426760943 -0.39684546505821067
0.3968593704147946 -0.39684546505821067 1.190551789288358

# Matrix 31
1.1905516284336073 -0.39684778895487083 -0.39685594269282853
-0.39684778895487083 1.1905494182043177 -0.39684759290177785
-0.39685594269282853 -0.39684759290177785 1.1905518558862545

# Matrix 32
1.19054840981236 0.39684766488035716 0.39685270099541065
0.39684766488035716 1.190553334106462 -0.39684818742436484
0.39685270099541065 -0.39684818742436484 1.1905483873629437

# Matrix 33
1.1905493376765566 -0.3968473238769453 0.39685455563465033
-0.3968473238769453 1.1905516806757699 0.39684746495225165
0.39685455563465033 0.39684746495225165 1.190549904093822

# Matrix 34
1.1905533977617044 -0.3968500173978252 0.39684995326968364
-0.3968500173978252 1.1905516806714294 0.39685139714528683
0.39684995326968364 0.39685139714528683 1.1905478673425833

# Matrix 35
1.190549613532783 -0.39684464211298415 -0.3968518080519848
-0.39684464211298415 1.1905490117012263 -0.39685220959975015
-0.3968518080519848 -0.39685220959975015 1.1905516125024675

# Matrix 36
1.1905532431528596 0.3968461478534869 -0.3968598882608585
0.3968461478534869 1.1905476088364362 0.3968470406896216
-0.3968598882608585 0.3968470406896216 1.190553802821556

# Matrix 37
1.1905505016461875 -0.39684894894415845 -0.39685256008157566
-0.39684894894415845 1.190550701517218 -0.3968488135901485
-0.39685256008157566 -0.3968488135901485 1.190550697410735

# Matrix 38
1.1905485611343483 -0.3968482970853315 0.3968528614013282
-0.3968482970853315 1.1905520422599278 0.39685061741610134
0.3968528614013282 0.39685061741610134 1.1905527504714275

# Matrix 39
1.1905512309054194 0.3968483346436707 0.3968542505655031
0.3968483346436707 1.1905497753104075 -0.3968487178797559
0.3968542505655031 -0.3968487178797559 1.190551874836063

# Matrix 40
1.1905469804789144 0.3968481222636476 0.3968503651968464
0.3968481222636476 1.1905507522297831 -0.3968480457564401
0.3968503651968464 -0.3968480457564401 1.190550378476478

# Matrix 41
1.1905507909779722 -0.3968463445380287 -0.39685660783707655
-0.3968463445380287 1.190549722442702 -0.3968481309800394
-0.39685660783707655 -0.3968481309800394 1.1905521479184422

# Matrix 42
1.1905514914996707 -0.39684967752486455 0.396850419538587
-0.39684967752486455 1.1905479441180775 0.3968490978099673
0.396850419538587 0.3968490978099673 1.1905513372118568

# Matrix 43
1.1905515208957917 -0.39684749386355506 -0.3968571421436638
-0.39684749386355506 1.1905498942067045 -0.396846967419197
-0.3968571421436638 -0.396846967419197 1.190551766311579

# Matrix 44
1.5873964005472545 0.7936955772998677 0.7936960225906241
0.7936955772998677 1.1905486173109083 0.3968472750375547
0.7936960225906241 0.3968472750375547 1.1905481599977346

# Matrix 45
1.1905504387677215 -0.39684971255729795 0.3968508697978041
-0.39684971255729795 1.1905505403083805 0.39684996156972663
0.3968508697978041 0.39684996156972663 1.1905511428014919

# Matrix 46
1.1905495991804993 0.39685106432199185 0.39684749465003855
0.39685106432199185 1.1905521698932984 -0.3968508835209232
0.39684749465003855 -0.3968508835209232 1.1905492513756815

# Matrix 47
1.1905500065765378 -0.39685605497421717 0.39684961155777404
-0.39685605497421717 1.1905481415185921 0.39684313092083856
0.39684961155777404 0.39684313092083856 1.1905522273772478

# Matrix 48
1.1905500457619205 0.39685468007836494 0.3968483345186408
0.39685468007836494 1.1905494798895526 -0.3968465283582784
0.3968483345186408 -0.3968465283582784 1.190551595286246

# Matrix 49
1.1905507692634367 0.3968499773338571 0.39685102540394873
0.3968499773338571 1.1905509830731487 -0.39685000369409174
0.39685102540394873 -0.39685000369409174 1.1905508320481712

# Matrix 50
1.1905546860364482 0.39684955650923603 0.39684962363799847
0.39684955650923603 1.1905478230590592 -0.39684950754402665
0.39684962363799847 -0.39684950754402665 1.1905477565646545

# Matrix 51
1.1905499742350825 0.3968476772214671 -0.39685142855126315
0.3968476772214671 1.1905495911230681 0.3968505450416318
-0.39685142855126315 0.3968505450416318 1.1905516634123283

# Matrix 52
1.190552640543744 0.3968511270990327 0.3968509264542946
0.3968511270990327 1.1905488836991638 -0.39684690526275773
0.3968509264542946 -0.39684690526275773 1.190549012531945

# Matrix 53
1.1905526075822628 -0.3968595956159345 -0.3968454477212302
-0.3968595956159345 1.1905527992876908 -0.3968466301937287
-0.3968454477212302 -0.3968466301937287 1.1905478446709024

# Matrix 54
1.1905508669159661 0.3968498007265859 -0.3968514107816639
0.3968498007265859 1.1905503332338607 0.3968494629879512
-0.3968514107816639 0.3968494629879512 1.1905510522997278

# Matrix 55
1.1905478308011745 0.39684956101481494 -0.3968505260691881
0.39684956101481494 1.19055397246737 0.3968479555519012
-0.3968505260691881 0.3968479555519012 1.190547817341416

# Matrix 56
1.1905499835512563 0.3968488240484172 -0.39685163553368047
0.3968488240484172 1.1905481705200658 0.39684706058027663
-0.39685163553368047 0.39684706058027663 1.1905509440533972

# Matrix 57
1.1905521093364575 -0.396855381194991 -0.39684779914357327
-0.396855381194991 1.1905496464373502 -0.39684724008690136
-0.39684779914357327 -0.39684724008690136 1.1905502426290975

