# Matrix 1
1.4021634222156267 -0.6328581151253312 0.601927830949482 0.39866071801371394 -0.545109854452113
-0.6328581151253312 1.7499619478459514 -0.46171062960090375 0.45106125458493185 0.685337195270036
0.601927830949482 -0.46171062960090375 1.4103401825322255 -0.3649361345680282 0.3547940170594216
0.39866071801371394 0.45106125458493185 -0.3649361345680282 1.2822747341686624 -0.49826366708283887
-0.545109854452113 0.685337195270036 0.3547940170594216 -0.49826366708283887 1.4226821132233147

# Matrix 2
1.3005095194162029 -0.6278791945202126 0.5343205978876394 0.43093719613888537 -0.5578816838458877
-0.6278791945202126 1.9301879273339408 -0.3456935794061932 0.4411593646797808 0.6985388353566748
0.5343205978876394 -0.3456935794061932 1.3879832508396246 -0.3041269783790172 0.49467351939810944
0.43093719613888537 0.4411593646797808 -0.3041269783790172 1.3031827634892779 -0.5551043384440836
-0.5578816838458877 0.6985388353566748 0.49467351939810944 -0.5551043384440836 1.477259514880413

# Matrix 3
1.2781127407544177 -0.5843913555758535 0.5399137101128756 0.43327260096664577 -0.5067079940316964
-0.5843913555758535 2.0277678000608503 -0.32266855624242924 0.4511727340701055 0.743955752640341
0.5399137101128756 -0.32266855624242924 1.3835174478135495 -0.37678906079719576 0.47108376351692505
0.43327260096664577 0.4511727340701055 -0.37678906079719576 1.4028232264273528 -0.49997900268671003
-0.5067079940316964 0.743955752640341 0.47108376351692505 -0.49997900268671003 1.3314423378752065

# Matrix 4
1.5305982756273782 -0.7575801142202597 0.6598184058903828 0.5892721374669476 -0.5877488260578699
-0.7575801142202597 2.0456819664819257 -0.29849979826120493 0.20199519879694916 0.8879321808281062
0.6598184058903828 -0.29849979826120493 1.32272213306796 -0.26181750133453646 0.40286418826065795
0.5892721374669476 0.20199519879694916 -0.26181750133453646 1.3470197940054234 -0.5308288938520692
-0.5877488260578699 0.8879321808281062 0.40286418826065795 -0.5308288938520692 1.406113015398253

# Matrix 5
1.5147674006663348 -0.6461210799701086 0.5564969382694787 0.7343210552625247 -0.6481334494220018
-0.6461210799701086 1.934652351400255 -0.2004289244151256 0.18868714191114527 0.7360064364510642
0.5564969382694787 -0.2004289244151256 1.1803897163401917 -0.2713826731589367 0.3635591182484172
0.7343210552625247 0.18868714191114527 -0.2713826731589367 1.5831260146513502 -0.6545222128897444
-0.6481334494220018 0.7360064364510642 0.3635591182484172 -0.6545222128897444 1.3258759983297694

# Matrix 6
1.6209555793328663 -0.7048084069381216 0.512368579944081 0.9363568246909801 -0.7029954318855834
-0.7048084069381216 1.9569036504202708 -0.0932802529521061 0.1728552334852805 0.7209919890601685
0.512368579944081 -0.0932802529521061 1.1213078807185413 -0.0716088903336063 0.40840971057878167
0.9363568246909801 0.1728552334852805 -0.0716088903336063 1.747517295672132 -0.6341249688982
-0.7029954318855834 0.7209919890601685 0.40840971057878167 -0.6341249688982 1.2803707143433523

# Matrix 7
1.5214481582949086 -0.7147948604073899 0.40504231204716085 0.8407103863708757 -0.7493142710805353
-0.7147948604073899 2.150857270812623 0.017823965857207937 0.2660424896319952 0.8486818810293729
0.40504231204716085 0.017823965857207937 1.0958107333562421 -0.15551318856022897 0.4696521483993031
0.8407103863708757 0.2660424896319952 -0.15551318856022897 1.709167885594807 -0.6048121897552925
-0.7493142710805353 0.8486818810293729 0.4696521483993031 -0.6048121897552925 1.378342620218595

# Matrix 8
1.6239377692206338 -0.6437545622365742 0.5505249860253287 0.9361338783493061 -0.6455299648421439
-0.6437545622365742 1.9767239213551857 -0.06487249570667761 0.30493579934191306 0.7212385047967405
0.5505249860253287 -0.06487249570667761 1.1811163511798004 -0.17203379885267311 0.3412520061190524
0.9361338783493061 0.30493579934191306 -0.17203379885267311 1.8516256588638855 -0.5360948794555316
-0.6455299648421439 0.7212385047967405 0.3412520061190524 -0.5360948794555316 1.1546998744236066

# Matrix 9
1.9251075785103564 -0.9160333801575681 0.6721920559691156 0.9693619321196765 -0.708058504340532
-0.9160333801575681 2.1969538692106103 -0.28594228991261744 0.25058171878677943 0.6682164367163553
0.6721920559691156 -0.28594228991261744 1.1463145234120957 -0.22377778875698426 0.2922570280904156
0.9693619321196765 0.25058171878677943 -0.22377778875698426 1.879802091066417 -0.532895892802052
-0.708058504340532 0.6682164367163553 0.2922570280904156 -0.532895892802052 1.0733862922300939

# Matrix 10
0.7694963743902968 -0.2374114904917231 -0.09288602446269442 -0.07143374829648466 0.16648904914383392
-0.2374114904917231 1.3157081400179156 0.27918402015509436 -0.19935316642903728 -0.6371886984863059
-0.09288602446269442 0.27918402015509436 1.115345086357649 -0.4967614592630986 -0.19703947186808818
-0.07143374829648466 -0.19935316642903728 -0.4967614592630986 1.0557711963176768 -0.2436723806994664
0.16648904914383392 -0.6371886984863059 -0.19703947186808818 -0.2436723806994664 1.702687864623583

# Matrix 11
0.9053413596205245 -0.23204821446782853 -0.12489229388240514 -0.23609749508957084 0.21855419587869002
-0.23204821446782853 1.3013795555654997 0.39210447672343285 -0.06904817859548545 -0.6166046883580253
-0.12489229388240514 0.39210447672343285 1.082828918131326 -0.5247810343196945 -0.21791706183052129
-0.23609749508957084 -0.06904817859548545 -0.5247810343196945 1.1838150062162434 -0.3977726704905055
0.21855419587869002 -0.6166046883580253 -0.21791706183052129 -0.3977726704905055 1.6304723502118743

# Matrix 12
0.9401222038742401 -0.37790445227158137 -0.17149564056091776 -0.2580717523449702 0.18335988946588075
-0.37790445227158137 1.2013940265079335 0.40901083839693575 0.007370411108373475 -0.551431711735798
-0.17149564056091776 0.40901083839693575 1.1900218864395276 -0.5074884355912267 -0.24090703020716056
-0.2580717523449702 0.007370411108373475 -0.5074884355912267 1.1665363282405794 -0.4659103665278905
0.18335988946588075 -0.551431711735798 -0.24090703020716056 -0.4659103665278905 1.7123655951407863

# Matrix 13
1.0114283679439882 -0.45262502331379245 -0.242355541053685 -0.24509750587328813 0.18257005414493335
-0.45262502331379245 1.1825767550295976 0.45986066188107166 -0.08513324798851767 -0.44504236357943533
-0.242355541053685 0.45986066188107166 1.2598807438882607 -0.5801709470255604 -0.31397564105570824
-0.24509750587328813 -0.08513324798851767 -0.5801709470255604 1.2576299528458026 -0.3915590843782959
0.18257005414493335 -0.44504236357943533 -0.31397564105570824 -0.3915590843782959 1.5619418421334805

# Matrix 14
0.9893301993414192 -0.5118859780973419 -0.3320098464073329 -0.166795179173158 0.13546676822418646
-0.5118859780973419 1.3403820960671695 0.7083060017941041 -0.29178121399520984 -0.5164773795368258
-0.3320098464073329 0.7083060017941041 1.5782750761079305 -0.750864730165882 -0.42178896513331154
-0.166795179173158 -0.29178121399520984 -0.750864730165882 1.2793905762437991 -0.21171119379815312
0.13546676822418646 -0.5164773795368258 -0.42178896513331154 -0.21171119379815312 1.4294305879126714

# Matrix 15
0.9023649682299228 -0.43860639269091306 -0.3451062762116817 -0.1002513994648089 0.00850544312523065
-0.43860639269091306 1.3433354739662577 0.8244465148349249 -0.4290262474328619 -0.4199986381012547
-0.3451062762116817 0.8244465148349249 1.8039184677906088 -0.9071455117754119 -0.40360242318629197
-0.1002513994648089 -0.4290262474328619 -0.9071455117754119 1.3260436264637876 -0.1529236787123429
0.00850544312523065 -0.4199986381012547 -0.40360242318629197 -0.1529236787123429 1.3821079056843142

# Matrix 16
0.9956537631105872 -0.528645107526713 -0.5369800776176571 0.03162355079660945 -0.06060282079685638
-0.528645107526713 1.4539586769435526 1.0033244585599885 -0.518169826358079 -0.42269963334948196
-0.5369800776176571 1.0033244585599885 1.9319317856758815 -0.8378062695199658 -0.4865595999405616
0.03162355079660945 -0.518169826358079 -0.8378062695199658 1.160057768589468 -0.029504386303856888
-0.06060282079685638 -0.42269963334948196 -0.4865595999405616 -0.029504386303856888 1.3551519520537394

# Matrix 17
0.9363623498343057 -0.5297543641160485 -0.5932958068086003 0.09403423754873103 -0.002385543358577024
-0.5297543641160485 1.3082811002111532 0.9673586830108633 -0.5949040764833654 -0.3855400338594692
-0.5932958068086003 0.9673586830108633 1.9231046251383224 -0.9995021196809232 -0.5241594240310902
0.09403423754873103 -0.5949040764833654 -0.9995021196809232 1.4197919630177798 -0.15012495515071358
-0.002385543358577024 -0.3855400338594692 -0.5241594240310902 -0.15012495515071358 1.6758312342150095

# Matrix 18
0.9626363155823252 -0.693457939808846 -0.698191133076233 0.06941718640195227 0.2220198331654898
-0.693457939808846 1.3963090791574388 0.9963981297141677 -0.48643901686715096 -0.511264852164211
-0.698191133076233 0.9963981297141677 1.9686717306118466 -0.8887532185881666 -0.6854913778256895
0.06941718640195227 -0.48643901686715096 -0.8887532185881666 1.4424792648735212 -0.18873599085833376
0.2220198331654898 -0.511264852164211 -0.6854913778256895 -0.18873599085833376 1.6510877722514623

# Matrix 19
0.993088620938145 -0.6553974866319714 -0.7182210538108025 0.04208273446156005 0.18353458220777802
-0.6553974866319714 1.3412677995219404 0.9465623144409689 -0.4140478316172678 -0.37066064239891294
-0.7182210538108025 0.9465623144409689 2.099830132251589 -0.8035681864757209 -0.741545506129339
0.04208273446156005 -0.4140478316172678 -0.8035681864757209 1.1956242298628266 -0.17182033677119066
0.18353458220777802 -0.37066064239891294 -0.741545506129339 -0.17182033677119066 1.64047479601729

# Matrix 20
0.9995783288648935 0.32367469381201974 -0.045031924117970454 0.039166169022022065 0.49305080443557336
0.32367469381201974 0.9656859957882739 -0.40268514195322624 -0.3226419640431521 -0.021002694205637162
-0.045031924117970454 -0.40268514195322624 1.510864550273044 -0.4190284812368789 0.49908668172580645
0.039166169022022065 -0.3226419640431521 -0.4190284812368789 1.207019928905372 0.21327979123895
0.49305080443557336 -0.021002694205637162 0.49908668172580645 0.21327979123895 1.588701364033738

# Matrix 21
0.9149838533150987 0.34523275398272424 -0.03169737979252233 -0.02576192366848996 0.40759309365035923
0.34523275398272424 0.9878556534697586 -0.291288180725049 -0.4082566818321004 0.07328870727393486
-0.03169737979252233 -0.291288180725049 1.667768279689601 -0.4468525421492697 0.447854892901125
-0.02576192366848996 -0.4082566818321004 -0.4468525421492697 1.1194396609189279 0.12704638425206377
0.40759309365035923 0.07328870727393486 0.447854892901125 0.12704638425206377 1.5243785483519996

# Matrix 22
0.8491157089028123 0.3242895445956886 -0.010152298457434953 -0.04496053053359116 0.35239753200365925
0.3242895445956886 0.914238603555072 -0.23110335822207062 -0.37039080715964673 0.07322532444522745
-0.010152298457434953 -0.23110335822207062 1.6459568040683963 -0.4560732746944002 0.5332070979924473
-0.04496053053359116 -0.37039080715964673 -0.4560732746944002 1.1313630135011337 -0.038309987903449576
0.35239753200365925 0.07322532444522745 0.5332070979924473 -0.038309987903449576 1.5640141954992612

# Matrix 23
0.7988009343075494 0.3807267780218121 0.07622628207000473 -0.22707173875199024 0.4157618055489592
0.3807267780218121 0.9449422080752975 -0.20237125532770336 -0.503133692095686 0.18358142738195776
0.07622628207000473 -0.20237125532770336 1.913491457182906 -0.5154642636148993 0.5520586405664197
-0.22707173875199024 -0.503133692095686 -0.5154642636148993 1.3244372619454037 -0.20743559314779544
0.4157618055489592 0.18358142738195776 0.5520586405664197 -0.20743559314779544 1.4201948324360056

# Matrix 24
0.8268834654829718 0.3144783849943208 0.0019471099908265213 -0.1383334371771487 0.4148621013501331
0.3144783849943208 0.8280236941360506 -0.20161915435037833 -0.447266237300492 0.10732171990974732
0.0019471099908265213 -0.20161915435037833 1.6825818416202019 -0.44172030064485857 0.41559471532909986
-0.1383334371771487 -0.447266237300492 -0.44172030064485857 1.3176251680692608 -0.04426556538665781
0.4148621013501331 0.10732171990974732 0.41559471532909986 -0.04426556538665781 1.516796208533826

# Matrix 25
0.8532848623554155 0.3851414394166879 -0.01796346802203774 -0.15016522081710124 0.4229504224902747
0.3851414394166879 0.8339839243237169 -0.1861718545402384 -0.5055938936040846 0.19659858999913493
-0.01796346802203774 -0.1861718545402384 1.553404833371202 -0.461975211789751 0.31207920597529876
-0.15016522081710124 -0.5055938936040846 -0.461975211789751 1.5765394196790092 -0.001989471544838316
0.4229504224902747 0.19659858999913493 0.31207920597529876 -0.001989471544838316 1.4590718433281076

# Matrix 26
0.7335593154665905 0.29325013653758775 -0.0855007343495638 -0.01627598479131136 0.295318554807056
0.29325013653758775 0.7900418586311637 -0.25432590497014107 -0.5151154270132262 -0.058743097494597246
-0.0855007343495638 -0.25432590497014107 1.5215190269427619 -0.3463328056881306 0.3573826841901964
-0.01627598479131136 -0.5151154270132262 -0.3463328056881306 1.60891074532821 0.06262450074517985
0.295318554807056 -0.058743097494597246 0.3573826841901964 0.06262450074517985 1.5990071461654298

# Matrix 27
0.6329124237769078 0.28812479601968444 -0.14503267755907767 -0.0033697167226855555 0.3046484534404311
0.28812479601968444 0.8060843197141871 -0.36705694945135936 -0.4924584010026253 -0.010826807023207957
-0.14503267755907767 -0.36705694945135936 1.9040435732603593 -0.47984704625048036 0.37210509970861566
-0.0033697167226855555 -0.4924584010026253 -0.47984704625048036 1.7180852419877821 0.05727198610908028
0.3046484534404311 -0.010826807023207957 0.37210509970861566 0.05727198610908028 1.5195772991738643

# Matrix 28
0.6762217196639633 0.17544007910611914 -0.16313528384779075 0.18168898590835425 0.24720244235318467
0.17544007910611914 0.7591420925404961 -0.36067044784908153 -0.45721208772971333 -0.2078855901807847
-0.16313528384779075 -0.36067044784908153 1.8550061852505233 -0.5106657981902778 0.6157373129986993
0.18168898590835425 -0.45721208772971333 -0.5106657981902778 1.7936796484427369 0.11994262601465537
0.24720244235318467 -0.2078855901807847 0.6157373129986993 0.11994262601465537 1.5079650099392123

# Matrix 29
0.6223217445101856 0.10778177229077472 -0.11721451189120541 0.2810323262334254 0.23167207376369345
0.10778177229077472 0.8062941607925703 -0.20827651651676884 -0.5666806329605203 -0.17225580408047006
-0.11721451189120541 -0.20827651651676884 1.651829523943445 -0.5239299420290253 0.6755812398738038
0.2810323262334254 -0.5666806329605203 -0.5239299420290253 1.9214830817065753 -0.01745554384599913
0.23167207376369345 -0.17225580408047006 0.6755812398738038 -0.01745554384599913 1.6259490877269935

# Matrix 30
0.71638224197953 0.027998379953173724 -0.19613801363181366 -0.192378753679488 0.12323049882395412
0.027998379953173724 0.7045012727301619 0.042377476036377065 -0.02674600788385359 -0.245331153068924
-0.19613801363181366 0.042377476036377065 1.2540709961565253 -0.5156628794922338 -0.23806735497083908
-0.192378753679488 -0.02674600788385359 -0.5156628794922338 1.6978218597733274 0.5834744971450522
0.12323049882395412 -0.245331153068924 -0.23806735497083908 0.5834744971450522 1.5407567071183543

# Matrix 31
0.7602891810252518 -0.056242598439111335 -0.17754046203328164 -0.15204658698712356 0.1239498662711506
-0.056242598439111335 0.663759565754037 0.08029012063684635 0.08162418172297814 -0.2577521390737203
-0.17754046203328164 0.08029012063684635 1.2100213768392687 -0.3916259586151697 -0.20549589701539117
-0.15204658698712356 0.08162418172297814 -0.3916259586151697 1.6957743959740443 0.6507230410785775
0.1239498662711506 -0.2577521390737203 -0.20549589701539117 0.6507230410785775 1.5599504744602304

# Matrix 32
0.7412859668987203 -0.04996495480650565 -0.14561763848108525 -0.16479196777919503 0.19161106543955295
-0.04996495480650565 0.5892050271446472 0.059939914728527624 0.12107560210616805 -0.11946497032100252
-0.14561763848108525 0.059939914728527624 1.2212228894858963 -0.5218326606296729 -0.32947459813197844
-0.16479196777919503 0.12107560210616805 -0.5218326606296729 1.8112775718159964 0.8292635015567665
0.19161106543955295 -0.11946497032100252 -0.32947459813197844 0.8292635015567665 1.8258197733218577

# Matrix 33
0.8571452795551794 -0.06953458360041191 -0.13182509611630583 -0.34867650407990614 0.016851038937290716
-0.06953458360041191 0.5816286150853335 -0.04773221804092905 0.2453657313268947 0.06235979315595057
-0.13182509611630583 -0.04773221804092905 1.184541741940209 -0.519510289270515 -0.3944290352049609
-0.34867650407990614 0.2453657313268947 -0.519510289270515 1.7805874562505066 0.9498896669658661
0.016851038937290716 0.06235979315595057 -0.3944290352049609 0.9498896669658661 1.919895165826282

# Matrix 34
0.8980495854441236 -0.045922659483455884 -0.2701449014441486 -0.2781954709761951 0.05526913546987085
-0.045922659483455884 0.4685837166259013 -0.0976527407391045 0.2184901317828409 0.0764000096497369
-0.2701449014441486 -0.0976527407391045 1.3659451000153102 -0.7840387655583174 -0.7516835716151604
-0.2781954709761951 0.2184901317828409 -0.7840387655583174 2.051446850089622 1.2828390998967891
0.05526913546987085 0.0764000096497369 -0.7516835716151604 1.2828390998967891 2.3139539373356595

# Matrix 35
0.9727234239423953 -0.011953950503288166 -0.31399135956146973 -0.4590971961214277 -0.05848361285897917
-0.011953950503288166 0.44824696182398444 -0.07490068488534507 0.16566748546962157 -0.028800629921176584
-0.31399135956146973 -0.07490068488534507 1.2198795852193633 -0.6504843954539445 -0.7620318753831968
-0.4590971961214277 0.16566748546962157 -0.6504843954539445 2.1967592552940047 1.3652223317375025
-0.05848361285897917 -0.028800629921176584 -0.7620318753831968 1.3652223317375025 2.5256326017259187

# Matrix 36
0.8485697726594489 -0.03154072903626953 -0.24905475393355583 -0.31951141989096027 -0.13591084408360063
-0.03154072903626953 0.4358857443572203 -0.08102344534899068 0.14933504715303894 -0.0626712618250193
-0.24905475393355583 -0.08102344534899068 1.2744786035000855 -0.8403107190393979 -0.9444432556035521
-0.31951141989096027 0.14933504715303894 -0.8403107190393979 2.1430843755151585 1.5299599668915664
-0.13591084408360063 -0.0626712618250193 -0.9444432556035521 1.5299599668915664 3.0786512112311657

# Matrix 37
0.8777533582906702 -0.012242912614309447 -0.2532280650674801 -0.2933094138286547 -0.10207189917225505
-0.012242912614309447 0.44655557644089156 -0.1502098684364412 0.20194585002596097 -0.07641724043377836
-0.2532280650674801 -0.1502098684364412 1.263945841103307 -0.9383013327761766 -0.8787499593529966
-0.2933094138286547 0.20194585002596097 -0.9383013327761766 2.3340417073528226 1.6082893931921278
-0.10207189917225505 -0.07641724043377836 -0.8787499593529966 1.6082893931921278 2.9626689096282317

# Matrix 38
0.8043179624608252 0.018309437782070805 -0.3281493312279018 -0.18204402112335105 -0.09648234736363723
0.018309437782070805 0.4744201876224047 -0.12674361663501194 0.18493128467352116 -0.14337103525123363
-0.3281493312279018 -0.12674361663501194 1.2507678059057288 -0.9306791880774339 -0.8556004392205079
-0.18204402112335105 0.18493128467352116 -0.9306791880774339 2.193028838063417 1.588331202632405
-0.09648234736363723 -0.14337103525123363 -0.8556004392205079 1.588331202632405 3.330475035819806

# Matrix 39
0.8010849327560823 0.10762655172780905 -0.32424501162561026 -0.17913365714293455 -0.0437145756318935
0.10762655172780905 0.4975070363074393 -0.11941696993328685 0.18878288535759485 -0.09983593078808609
-0.32424501162561026 -0.11941696993328685 1.383947251063902 -0.9889438482007518 -0.914528772383661
-0.17913365714293455 0.18878288535759485 -0.9889438482007518 2.2039897735140643 1.5447466139496604
-0.0437145756318935 -0.09983593078808609 -0.914528772383661 1.5447466139496604 2.9673323157914275

# Matrix 40
0.45607188600694487 0.13858807879027618 0.024003022327337482 0.16564442778130892 -0.21668700676662872
0.13858807879027618 0.8879781636832823 0.42355543159412296 0.265733725339028 0.11073153815754783
0.024003022327337482 0.42355543159412296 1.4899120340577885 0.282929375432286 0.11072541793608988
0.16564442778130892 0.265733725339028 0.282929375432286 1.4275003918675633 -0.5535887350190186
-0.21668700676662872 0.11073153815754783 0.11072541793608988 -0.5535887350190186 1.918624804465213

# Matrix 41
0.48884394449514973 0.14256300077081183 0.05083375997446806 0.2366747145214144 -0.2113470137990851
0.14256300077081183 0.9314865954564371 0.6843770564947745 0.3117411832671178 0.04002864352965707
0.05083375997446806 0.6843770564947745 1.7649153264911168 0.23954789857877623 0.15681610216337363
0.2366747145214144 0.3117411832671178 0.23954789857877623 1.4865876576589614 -0.5647880141608388
-0.2113470137990851 0.04002864352965707 0.15681610216337363 -0.5647880141608388 1.7000532957366439

# Matrix 42
0.5656016786809193 0.22810658718093302 0.1824543828075345 0.23764822156255705 -0.20240578648488647
0.22810658718093302 0.8630644497630903 0.6491548669981413 0.2852783959989241 -0.015603664644789444
0.1824543828075345 0.6491548669981413 1.8138740454567017 0.3180341620128937 -0.0031686590319845373
0.23764822156255705 0.2852783959989241 0.3180341620128937 1.5069620652909514 -0.5261183879641007
-0.20240578648488647 -0.015603664644789444 -0.0031686590319845373 -0.5261183879641007 1.5120647758255639

# Matrix 43
0.5790835730797693 0.2669502126264018 0.21291865298457502 0.23624376156831028 -0.2530089922304766
0.2669502126264018 1.027051850805693 0.7007396843753675 0.299343953022051 -0.06984267746088609
0.21291865298457502 0.7007396843753675 1.7690162780763061 0.4098189233022286 -0.1537409166603214
0.23624376156831028 0.299343953022051 0.4098189233022286 1.441725216841271 -0.4502730982135552
-0.2530089922304766 -0.06984267746088609 -0.1537409166603214 -0.4502730982135552 1.3736277232575755

# Matrix 44
0.5830473186511923 0.23342425098997077 0.15032045972010571 0.12003684787855456 -0.20286843411897026
0.23342425098997077 1.0838162177395525 0.6810649213534208 0.22248238501547551 -0.006021189919036817
0.15032045972010571 0.6810649213534208 1.5499276114753444 0.42164676659894385 -0.05436012973252656
0.12003684787855456 0.22248238501547551 0.42164676659894385 1.431397580044048 -0.37694671760574944
-0.20286843411897026 -0.006021189919036817 -0.05436012973252656 -0.37694671760574944 1.3474528344597092

# Matrix 45
0.5974863779204818 0.29009522200727134 0.17015252822863863 0.06650589501148348 -0.13365322515892936
0.29009522200727134 1.0516981921772761 0.6107543846684393 0.21606599724931666 0.013315703528565776
0.17015252822863863 0.6107543846684393 1.4560416426786813 0.4810561319280619 0.04491650798151661
0.06650589501148348 0.21606599724931666 0.4810561319280619 1.3941147434599013 -0.15953482896157328
-0.13365322515892936 0.013315703528565776 0.04491650798151661 -0.15953482896157328 1.413116625208005

# Matrix 46
0.6447464629314621 0.31629381081647484 0.3281071980680356 0.19446091242914965 -0.19617409603681785
0.31629381081647484 1.220847526863957 0.7262370381709087 0.08880915175734015 -0.12463795819291705
0.3281071980680356 0.7262370381709087 1.5202966368571749 0.4943592267021305 -0.18671603600656955
0.19446091242914965 0.08880915175734015 0.4943592267021305 1.4815026409265293 -0.22288627370338454
-0.19617409603681785 -0.12463795819291705 -0.18671603600656955 -0.22288627370338454 1.16632804971426

# Matrix 47
0.7402864735403148 0.31663644755147335 0.24494650839650056 0.22433092388323603 -0.1284197269954561
0.31663644755147335 1.3526985915285867 0.7008319649898123 0.11311674498323074 -0.04546674268192055
0.24494650839650056 0.7008319649898123 1.282450122461041 0.49467888486315614 -0.056346389073417366
0.22433092388323603 0.11311674498323074 0.49467888486315614 1.5440232934730296 -0.2000672645981182
-0.1284197269954561 -0.04546674268192055 -0.056346389073417366 -0.2000672645981182 0.9873250535154067

# Matrix 48
0.8510425353057758 0.33081888348585503 0.17232803781647021 0.24958907058326446 -0.18554437474010338
0.33081888348585503 1.4955300216567506 0.6726389860775652 0.044151305444048494 -0.03912297265128617
0.17232803781647021 0.6726389860775652 1.113510091090847 0.43267357058667166 -0.03587593153265503
0.24958907058326446 0.044151305444048494 0.43267357058667166 1.5349633138477758 -0.4208024827833584
-0.18554437474010338 -0.03912297265128617 -0.03587593153265503 -0.4208024827833584 0.9879761726629838

# Matrix 49
0.7505236037521228 0.2612117058059007 0.051979244767149754 0.1262552669813262 -0.19003260917017767
0.2612117058059007 1.5386709381477313 0.7856622750888632 0.06004421837404719 -0.060188268763704436
0.051979244767149754 0.7856622750888632 1.2828025153094575 0.4224805967769256 -0.15947455946683176
0.1262552669813262 0.06004421837404719 0.4224805967769256 1.427122843062364 -0.4662737332563498
-0.19003260917017767 -0.060188268763704436 -0.15947455946683176 -0.4662737332563498 1.0497827269313593

# Matrix 50
0.8168851392001696 -0.2745356234403621 -0.272427106481847 0.06136673414579462 0.24865357264370083
-0.2745356234403621 0.945932118215292 0.01826687079190683 -0.2112433098954601 -0.4515089392745629
-0.272427106481847 0.01826687079190683 1.288104720671954 0.34772996710300674 0.23331649848715497
0.06136673414579462 -0.2112433098954601 0.34772996710300674 1.250350152657813 0.24481543710290388
0.24865357264370083 -0.4515089392745629 0.23331649848715497 0.24481543710290388 1.400945095604331

# Matrix 51
0.7797088131985669 -0.2724743625754249 -0.35114671305981265 -0.19359793183518323 0.13106276381846646
-0.2724743625754249 0.8210957971268515 0.1531346764494517 -0.12554383300463276 -0.23398075380479233
-0.35114671305981265 0.1531346764494517 1.412245463026329 0.4475259447874052 0.33489996614974965
-0.19359793183518323 -0.12554383300463276 0.4475259447874052 1.3516307166145287 0.12890930099146297
0.13106276381846646 -0.23398075380479233 0.33489996614974965 0.12890930099146297 1.4327347612179584

# Matrix 52
0.8457731546741495 -0.31053297243205596 -0.3249706942287518 -0.1524861243073288 0.10599917229362947
-0.31053297243205596 1.1088350862974887 0.15183743713235553 -0.1749329687663354 -0.3215593990920823
-0.3249706942287518 0.15183743713235553 1.1929190319393712 0.2969428683436348 0.19426823376820707
-0.1524861243073288 -0.1749329687663354 0.2969428683436348 1.136586244676518 0.13813738361058098
0.10599917229362947 -0.3215593990920823 0.19426823376820707 0.13813738361058098 1.2659424722148391

# Matrix 53
0.797465812711648 -0.28633190912560563 -0.25913282284528205 -0.14713749595561057 0.17722326159358381
-0.28633190912560563 1.1118666663370742 0.1877396035007412 -0.14338296038662912 -0.23699865623938104
-0.25913282284528205 0.1877396035007412 1.1716437905717592 0.26317865424941606 0.19540944278937333
-0.14713749595561057 -0.14338296038662912 0.26317865424941606 1.3318032103599207 0.16193832278386266
0.17722326159358381 -0.23699865623938104 0.19540944278937333 0.16193832278386266 1.092718318899018

# Matrix 54
0.730450052249835 -0.2562629020101763 -0.14050256314318052 -0.08565189878815573 0.19554926825704702
-0.2562629020101763 1.1929024842449119 0.09421961560308074 -0.22054426152166787 -0.2862253550645139
-0.14050256314318052 0.09421961560308074 1.1345199437617883 0.3719948280609788 0.20856426660677507
-0.08565189878815573 -0.22054426152166787 0.3719948280609788 1.3467992646556242 0.2215876262102577
0.19554926825704702 -0.2862253550645139 0.20856426660677507 0.2215876262102577 1.1333842418021922

# Matrix 55
0.6510831739740829 -0.15351571279576529 -0.1091746392833656 -0.1676684394250052 0.08502044942215709
-0.15351571279576529 1.1769512211133641 0.04042691711603051 -0.11919263486119798 -0.07524765129431324
-0.1091746392833656 0.04042691711603051 1.2453267718683088 0.4276932728806268 0.2700696260755536
-0.1676684394250052 -0.11919263486119798 0.4276932728806268 1.2845350978445096 0.2507999743320004
0.08502044942215709 -0.07524765129431324 0.2700696260755536 0.2507999743320004 1.115980497235355

# Matrix 56
0.6751861559282065 -0.19089611125790368 -0.17716480942682125 -0.12770490516283997 0.16488220794522226
-0.19089611125790368 1.1777839350182036 0.04820432031554486 -0.07452314095778663 -0.01567440311853982
-0.17716480942682125 0.04820432031554486 1.3122160847303308 0.49340649892839 0.21244107589546218
-0.12770490516283997 -0.07452314095778663 0.49340649892839 1.2059025167105546 0.17002113625464269
0.16488220794522226 -0.01567440311853982 0.21244107589546218 0.17002113625464269 1.1423359319769748

# Matrix 57
0.6806869408362058 -0.17895723442151887 -0.19949597649180206 -0.1013625361353363 0.08856813419491255
-0.17895723442151887 1.1047800835220465 -0.024696607434670663 -0.02162492558794167 -0.09164576756018776
-0.19949597649180206 -0.024696607434670663 1.2903232768201789 0.5117743559197252 0.29115363536326905
-0.1013625361353363 -0.02162492558794167 0.5117743559197252 1.163166365292061 0.21208496125863957
0.08856813419491255 -0.09164576756018776 0.29115363536326905 0.21208496125863957 1.2868527678105024

# Matrix 58
0.6256166259500636 -0.19441836289848508 -0.21662860003973658 -0.06038438458722955 0.24637666388085092
-0.19441836289848508 1.077592177107315 -0.15473732652001262 -0.10405056142902959 -0.2925311512766893
-0.21662860003973658 -0.15473732652001262 1.5757062728481723 0.396729162762747 0.3851783257308828
-0.06038438458722955 -0.10405056142902959 0.396729162762747 0.9975168299577503 0.21831338845022427
0.24637666388085092 -0.2925311512766893 0.3851783257308828 0.21831338845022427 1.4926878635395522

# Matrix 59
0.6641791337208156 -0.2178716672612322 -0.22210024047199456 -0.04308985156942641 0.310731943944246
-0.2178716672612322 1.0855773879594974 -0.05622722440600294 -0.014395445851736369 -0.2929475637058904
-0.22210024047199456 -0.05622722440600294 1.328280985414245 0.21104555237003375 0.3325849943535554
-0.04308985156942641 -0.014395445851736369 0.21104555237003375 0.9251565006671667 0.2237797186336208
0.310731943944246 -0.2929475637058904 0.3325849943535554 0.2237797186336208 1.6984277491004653

# Matrix 60
0.7980250852015044 -0.09093318577990211 -0.2466852832515903 -0.39852410078882944 0.33570364404516023
-0.09093318577990211 0.8230771397189485 -0.06807002001543579 0.18311601989212156 0.18286340507171628
-0.2466852832515903 -0.06807002001543579 1.179029389560703 0.0030020903386560253 -0.4116906580035675
-0.39852410078882944 0.18311601989212156 0.0030020903386560253 1.492870785038487 0.26208859279214475
0.33570364404516023 0.18286340507171628 -0.4116906580035675 0.26208859279214475 1.5007227622013886

# Matrix 61
0.6393325930140996 -0.07580896835038026 -0.2524415560270796 -0.2635546326160464 0.2923315885662796
-0.07580896835038026 0.9314672378980078 -0.015693534710574657 0.18553804990462383 0.32192279553439773
-0.2524415560270796 -0.015693534710574657 1.2375969115475292 -0.08885579144691275 -0.5765137805736917
-0.2635546326160464 0.18553804990462383 -0.08885579144691275 1.5758090941866538 0.4361402770656194
0.2923315885662796 0.32192279553439773 -0.5765137805736917 0.4361402770656194 1.6304954831892355

# Matrix 62
0.6871639882000785 -0.05104599156029078 -0.3390207887664188 -0.2534208051036377 0.42975258829208557
-0.05104599156029078 0.9028951436741901 -0.00811066039652856 0.11981694421603277 0.4241744349814656
-0.3390207887664188 -0.00811066039652856 1.1491167987794997 0.015229615694718894 -0.7192066471743365
-0.2534208051036377 0.11981694421603277 0.015229615694718894 1.7186103532715713 0.46074698632539507
0.42975258829208557 0.4241744349814656 -0.7192066471743365 0.46074698632539507 1.9408720496374674

# Matrix 63
0.6927213272056236 -0.06090738869076181 -0.3658449478593672 -0.24349108596039806 0.5182694796105664
-0.06090738869076181 0.9471602206130495 0.047238496226333616 0.09942775647350986 0.3687721307466772
-0.3658449478593672 0.047238496226333616 1.1628110934358407 0.01930590963947389 -0.6798201433182253
-0.24349108596039806 0.09942775647350986 0.01930590963947389 1.766140594930557 0.5337381908119578
0.5182694796105664 0.3687721307466772 -0.6798201433182253 0.5337381908119578 1.9397984543491378

# Matrix 64
0.7370083537073361 -0.04895540776542627 -0.3862627194732828 -0.23939583668405462 0.6055922473099989
-0.04895540776542627 1.1482009788824494 0.15466333374665184 0.09644230951118889 0.2981244384255775
-0.3862627194732828 0.15466333374665184 1.0309128628097755 0.010406796740043767 -0.5337020327007372
-0.23939583668405462 0.09644230951118889 0.010406796740043767 1.898259587985584 0.5019729340970328
0.6055922473099989 0.2981244384255775 -0.5337020327007372 0.5019729340970328 1.7131342742722482

# Matrix 65
0.7166805977673528 -0.0535613571748314 -0.36191166134594804 -0.09289690726024095 0.6475417607018715
-0.0535613571748314 1.1188368103060178 0.15554255572160958 0.07693692299118247 0.17892215300664852
-0.36191166134594804 0.15554255572160958 0.9993947315893383 -0.05885526867653319 -0.3781509186585718
-0.09289690726024095 0.07693692299118247 -0.05885526867653319 1.963007149147051 0.6233108937209254
0.6475417607018715 0.17892215300664852 -0.3781509186585718 0.6233108937209254 1.6884277094897044

# Matrix 66
0.7457333368870057 -0.031232524746871857 -0.39563451986960146 -0.1307847921262482 0.6630705501140336
-0.031232524746871857 0.9533474525271868 0.10993309528366972 0.18321445431734737 0.22656193601703792
-0.39563451986960146 0.10993309528366972 1.0523560302947763 -0.02636225473491879 -0.43081849049984755
-0.1307847921262482 0.18321445431734737 -0.02636225473491879 2.1430055563945194 0.6673563800912087
0.6630705501140336 0.22656193601703792 -0.43081849049984755 0.6673563800912087 1.738122859193918

# Matrix 67
0.6807458193895417 0.0014777996466804368 -0.4172004965562529 -0.0453349900481016 0.6298762447436317
0.0014777996466804368 0.899913080424934 0.058589302050672594 0.11317624224589198 0.28771492561263723
-0.4172004965562529 0.058589302050672594 1.0561662844082358 -0.06630625903155205 -0.5129987057656282
-0.0453349900481016 0.11317624224589198 -0.06630625903155205 2.646715407906022 1.0163940949775534
0.6298762447436317 0.28771492561263723 -0.5129987057656282 1.0163940949775534 1.868890975331769

# Matrix 68
0.7391416642421635 0.037560470324086076 -0.5066401201505493 -0.1794572822532611 0.7044135207425505
0.037560470324086076 0.8949712036656828 -0.005433817105227454 0.14147202151410743 0.3623287708272456
-0.5066401201505493 -0.005433817105227454 1.1329061023797284 0.14208292523942806 -0.49256104794349787
-0.1794572822532611 0.14147202151410743 0.14208292523942806 2.7189500239148394 0.8603599903449717
0.7044135207425505 0.3623287708272456 -0.49256104794349787 0.8603599903449717 1.879252641646724

# Matrix 69
0.8707480283922757 0.0790667663893935 -0.5969790045931637 0.061653325735770224 0.9528789819089952
0.0790667663893935 0.7826214090884328 -0.11404540934907893 0.3224038468108796 0.41702898569306285
-0.5969790045931637 -0.11404540934907893 1.1835193271844864 -0.03687308189028258 -0.6328343892574019
0.061653325735770224 0.3224038468108796 -0.03687308189028258 2.9511639223395623 1.1885757102786279
0.9528789819089952 0.41702898569306285 -0.6328343892574019 1.1885757102786279 2.213701058589509

# Matrix 70
0.9055319779603556 0.14522038306948404 0.41635781154154256 0.14534041710747286 0.02302747742731346
0.14522038306948404 0.8101720966208759 0.03384322763200252 0.35360256537433804 -0.07068159031506924
0.41635781154154256 0.03384322763200252 1.021618669143566 0.07400478975922802 0.0033803173034126104
0.14534041710747286 0.35360256537433804 0.07400478975922802 1.2241774412706175 -0.12566124263927753
0.02302747742731346 -0.07068159031506924 0.0033803173034126104 -0.12566124263927753 1.61170174822777

# Matrix 71
0.8587964832848364 0.11454929686941823 0.45110225074866384 0.07564335085664436 -0.024595668388471225
0.11454929686941823 0.8549189410022245 0.005523467144040349 0.4351855018406143 -0.2339714660333081
0.45110225074866384 0.005523467144040349 1.0495655676067348 -0.11079298308401891 0.06510940635431822
0.07564335085664436 0.4351855018406143 -0.11079298308401891 1.3684327892504677 -0.5443331412250907
-0.024595668388471225 -0.2339714660333081 0.06510940635431822 -0.5443331412250907 1.7420209924896775

# Matrix 72
0.9453892722680046 0.14825303228889108 0.4941114481003022 0.04975823510925896 -0.04148442578538617
0.14825303228889108 0.9208615162520009 0.027646003872111566 0.5076918556904443 -0.2480926568641708
0.4941114481003022 0.027646003872111566 0.9460382538433968 -0.08196326332841068 0.10801734947591116
0.04975823510925896 0.5076918556904443 -0.08196326332841068 1.3813973703484934 -0.5316125300777712
-0.04148442578538617 -0.2480926568641708 0.10801734947591116 -0.5316125300777712 1.796615388124076

# Matrix 73
0.8858509557426939 0.11099809386551475 0.48553539358549697 0.11118780263949055 -0.1126627778500459
0.11099809386551475 1.0130781291778992 0.0693257410080363 0.5307810545003678 -0.14672265147029626
0.48553539358549697 0.0693257410080363 1.0029372627904127 0.0003365914274454409 0.08667379248660903
0.11118780263949055 0.5307810545003678 0.0003365914274454409 1.378703880199309 -0.5382890060313837
-0.1126627778500459 -0.14672265147029626 0.08667379248660903 -0.5382890060313837 1.6462803113977862

# Matrix 74
0.9791068861549143 -0.019533791786768777 0.6044231425565053 -0.06303597635440579 -0.1758367411991317
-0.019533791786768777 0.9577251221663452 -0.005612206890315664 0.5487842879457947 -0.21665124437485409
0.6044231425565053 -0.005612206890315664 1.2485146867446164 -0.3155841636174423 0.0699402122341508
-0.06303597635440579 0.5487842879457947 -0.3155841636174423 1.394863591683463 -0.4673046463268842
-0.1758367411991317 -0.21665124437485409 0.0699402122341508 -0.4673046463268842 1.4410940735952193

# Matrix 75
1.0084220266492443 -0.07515684795059348 0.6385108864181661 -0.14802134798651126 -0.1629636959994392
-0.07515684795059348 1.0785716213070178 -0.0962769990660788 0.6176434786693329 -0.34194710786243393
0.6385108864181661 -0.0962769990660788 1.218791110349699 -0.38296248443357495 0.035057264130783035
-0.14802134798651126 0.6176434786693329 -0.38296248443357495 1.3526995201319434 -0.5139437040183078
-0.1629636959994392 -0.34194710786243393 0.035057264130783035 -0.5139437040183078 1.5190654800149765

# Matrix 76
0.9828026637686516 -0.12816811334599615 0.6531183596603058 -0.24042467528025668 0.07363543512364265
-0.12816811334599615 1.0702223255619745 -0.061404845863691916 0.7256961905235182 -0.38623654569494065
0.6531183596603058 -0.061404845863691916 1.2320540331151655 -0.3958824801178492 0.037138532402711116
-0.24042467528025668 0.7256961905235182 -0.3958824801178492 1.4591637578736272 -0.5396353965176603
0.07363543512364265 -0.38623654569494065 0.037138532402711116 -0.5396353965176603 1.6303702416378525

# Matrix 77
1.0631336490548269 -0.12905779004272414 0.7893662547045871 -0.3020364106473488 0.03721359127000802
-0.12905779004272414 1.1373598298809235 -0.18242270941191543 0.790800119326612 -0.2943870346119097
0.7893662547045871 -0.18242270941191543 1.3708234606786673 -0.5208455528960669 0.015575719720623533
-0.3020364106473488 0.790800119326612 -0.5208455528960669 1.502875073194684 -0.524953759524652
0.03721359127000802 -0.2943870346119097 0.015575719720623533 -0.524953759524652 1.4955294998196502

# Matrix 78
1.0007269384658042 -0.030664646133505197 0.7616102836681938 -0.17544194782682365 0.04639842351931895
-0.030664646133505197 1.076075247971572 -0.1153615612122508 0.7251622651122149 -0.4614331737412378
0.7616102836681938 -0.1153615612122508 1.4832571812815598 -0.6256259927918035 0.044676881785327235
-0.17544194782682365 0.7251622651122149 -0.6256259927918035 1.5871353076487864 -0.5650743882617872
0.04639842351931895 -0.4614331737412378 0.044676881785327235 -0.5650743882617872 1.4758981420483943

# Matrix 79
0.9419769844898147 0.1040843677573704 0.8731548832634465 -0.15358858057556157 -0.15342461633693116
0.1040843677573704 1.1156949521091222 0.11259798585637257 0.707387258459387 -0.6708485714913505
