# Matrix 1
1.5157165665103947 -0.7578582832551956 0.7578582832551954 0.7578582832551972 0.7578582832551901
-0.7578582832551956 1.515716566510417 -0.7578582832552028 -6.136807975734252e-16 -0.7578582832551917
0.7578582832551954 -0.7578582832552028 1.5157165665103873 0.757858283255187 0.7578582832551912
0.7578582832551972 -6.136807975734252e-16 0.757858283255187 1.5157165665103907 -2.922127287971156e-15
0.7578582832551901 -0.7578582832551917 0.7578582832551912 -2.922127287971156e-15 1.515716566510373

# Matrix 2
1.5157165665104262 -0.7578582832551823 0.7578582832551738 -0.7578582832551755 0.7578582832551728
-0.7578582832551823 1.5157165665103682 1.7653161613292626e-14 0.7578582832551753 -0.757858283255168
0.7578582832551738 1.7653161613292626e-14 1.5157165665103736 -0.7578582832551741 0.7578582832551725
-0.7578582832551755 0.7578582832551753 -0.7578582832551741 1.5157165665103958 -0.7578582832551691
0.7578582832551728 -0.757858283255168 0.7578582832551725 -0.7578582832551691 1.5157165665103187

# Matrix 3
1.5157165665103893 0.7578582832551882 0.757858283255184 -0.7578582832551886 0.7578582832551825
0.7578582832551882 1.5157165665103762 0.7578582832551947 -0.7578582832551702 0.7578582832551797
0.757858283255184 0.7578582832551947 1.5157165665104106 7.647774598304174e-15 -9.774021656681075e-15
-0.7578582832551886 -0.7578582832551702 7.647774598304174e-15 1.5157165665103665 -0.7578582832551876
0.7578582832551825 0.7578582832551797 -9.774021656681075e-15 -0.7578582832551876 1.51571656651037

# Matrix 4
1.5157165665103853 0.7578582832551926 -0.7578582832551914 -0.7578582832551921 -0.7578582832551829
0.7578582832551926 1.5157165665104022 -7.93948200417467e-16 1.0665462709550043e-15 8.870022260505461e-15
-0.7578582832551914 -7.93948200417467e-16 1.5157165665103804 0.7578582832551923 -1.4539507197643883e-15
-0.7578582832551921 1.0665462709550043e-15 0.7578582832551923 1.5157165665103978 0.7578582832551942
-0.7578582832551829 8.870022260505461e-15 -1.4539507197643883e-15 0.7578582832551942 1.5157165665103838

# Matrix 5
1.5157165665103636 0.7578582832551733 -0.7578582832551228 0.7578582832551493 0.7578582832551495
0.7578582832551733 1.515716566510405 -1.628679401006802e-14 0.7578582832552175 -2.7951989563012155e-16
-0.7578582832551228 -1.628679401006802e-14 1.5157165665102466 -0.7578582832550796 -0.7578582832551141
0.7578582832551493 0.7578582832552175 -0.7578582832550796 1.5157165665103316 -1.649611122424251e-14
0.7578582832551495 -2.7951989563012155e-16 -0.7578582832551141 -1.649611122424251e-14 1.515716566510323

# Matrix 6
1.515716566510441 0.7578582832552204 -0.757858283255169 -0.7578582832551976 0.7578582832551732
0.7578582832552204 1.5157165665103487 -0.7578582832551563 -0.7578582832550914 3.227110123538765e-14
-0.757858283255169 -0.7578582832551563 1.515716566510436 0.7578582832551541 -0.7578582832551775
-0.7578582832551976 -0.7578582832550914 0.7578582832551541 1.5157165665103531 -3.9581026102724675e-15
0.7578582832551732 3.227110123538765e-14 -0.7578582832551775 -3.9581026102724675e-15 1.5157165665102645

# Matrix 7
1.5157165665101877 0.7578582832550509 -0.7578582832550768 0.757858283254936 0.7578582832550775
0.7578582832550509 1.5157165665103927 -0.7578582832551602 0.7578582832550832 -1.3391828557879714e-13
-0.7578582832550768 -0.7578582832551602 1.515716566510381 -0.757858283255102 -0.7578582832551237
0.757858283254936 0.7578582832550832 -0.757858283255102 1.5157165665102246 -1.8233934491262682e-13
0.7578582832550775 -1.3391828557879714e-13 -0.7578582832551237 -1.8233934491262682e-13 1.5157165665103964

# Matrix 8
1.5157165699325845 -0.7578582808444 -0.7578582791840008 -0.7578582774078075 -0.7578582797573504
-0.7578582808444 1.5157165635965528 0.7578582787690091 0.7578582788624311 -2.451638712150669e-9
-0.7578582791840008 0.7578582787690091 1.5157165534905463 0.7578582748370088 0.7578582727532086
-0.7578582774078075 0.7578582788624311 0.7578582748370088 1.5157165654438378 0.7578582793450036
-0.7578582797573504 -2.451638712150669e-9 0.7578582727532086 0.7578582793450036 1.515716557537757

# Matrix 9
1.5157165665103856 -9.829645164797961e-15 0.7578582832551912 4.362265667461406e-15 -0.7578582832551809
-9.829645164797961e-15 1.5157165665103844 -0.7578582832551959 -0.7578582832551806 -0.7578582832551816
0.7578582832551912 -0.7578582832551959 1.5157165665104038 -1.3655415634601444e-14 1.7488138736215362e-15
4.362265667461406e-15 -0.7578582832551806 -1.3655415634601444e-14 1.5157165665103784 0.7578582832551782
-0.7578582832551809 -0.7578582832551816 1.7488138736215362e-15 0.7578582832551782 1.5157165665103725

# Matrix 10
1.5157165665103953 0.7578582832551812 0.7578582832551924 -0.7578582832551762 -0.7578582832551736
0.7578582832551812 1.515716566510364 0.7578582832551859 -0.7578582832551712 -0.7578582832551755
0.7578582832551924 0.7578582832551859 1.515716566510408 2.3735205855504642e-15 1.5366559894712056e-15
-0.7578582832551762 -0.7578582832551712 2.3735205855504642e-15 1.5157165665103547 0.7578582832551699
-0.7578582832551736 -0.7578582832551755 1.5366559894712056e-15 0.7578582832551699 1.5157165665103587

# Matrix 11
1.319507910772891 -0.6597539553864452 -4.73841454650846e-15 -3.0809907238354353e-15 2.4290750773994093e-15
-0.6597539553864452 1.6493848884661053 -0.6597539553864362 0.6597539553864425 0.6597539553864402
-4.73841454650846e-15 -0.6597539553864362 1.3195079107728866 2.358256456705917e-15 1.3630954256816035e-15
-3.0809907238354353e-15 0.6597539553864425 2.358256456705917e-15 1.3195079107728926 -2.0101241409004812e-15
2.4290750773994093e-15 0.6597539553864402 1.3630954256816035e-15 -2.0101241409004812e-15 1.3195079107728926

# Matrix 12
1.5157165665103554 0.7578582832551228 -0.7578582832551296 -0.7578582832551367 -0.7578582832551315
0.7578582832551228 1.515716566510347 1.126453272342588e-13 -0.7578582832551212 -0.7578582832551295
-0.7578582832551296 1.126453272342588e-13 1.5157165665103525 -1.2157670062924192e-13 0.7578582832551084
-0.7578582832551367 -0.7578582832551212 -1.2157670062924192e-13 1.5157165665103565 0.7578582832551345
-0.7578582832551315 -0.7578582832551295 0.7578582832551084 0.7578582832551345 1.5157165665103645

# Matrix 13
1.3195079107729144 0.6597539553864324 3.58960242866943e-14 -1.760942315103136e-14 0.6597539553864544
0.6597539553864324 1.6493848884661473 -0.6597539553864447 0.659753955386453 -0.32987697769323165
3.58960242866943e-14 -0.6597539553864447 1.3195079107728982 -3.615954773467009e-14 0.6597539553865256
-1.760942315103136e-14 0.659753955386453 -3.615954773467009e-14 1.319507910772874 -0.6597539553864286
0.6597539553864544 -0.32987697769323165 0.6597539553865256 -0.6597539553864286 1.649384888466104

# Matrix 14
1.5157165665103585 -0.7578582832551497 0.7578582832551439 -0.7578582832551621 0.7578582832551702
-0.7578582832551497 1.5157165665103676 -0.7578582832551316 -4.6619352156797147e-14 3.209109501669311e-14
0.7578582832551439 -0.7578582832551316 1.5157165665102985 3.317496325693889e-14 0.7578582832551328
-0.7578582832551621 -4.6619352156797147e-14 3.317496325693889e-14 1.5157165665104113 -0.7578582832551853
0.7578582832551702 3.209109501669311e-14 0.7578582832551328 -0.7578582832551853 1.515716566510356

# Matrix 15
1.5157165665103318 -0.7578582832551657 -0.7578582832551288 0.7578582832551186 -0.7578582832551265
-0.7578582832551657 1.5157165665103816 0.7578582832551707 6.432934255729834e-14 -5.6663000277609345e-14
-0.7578582832551288 0.7578582832551707 1.5157165665103642 1.1316678155789878e-13 0.7578582832551312
0.7578582832551186 6.432934255729834e-14 1.1316678155789878e-13 1.5157165665103556 -0.7578582832551327
-0.7578582832551265 -5.6663000277609345e-14 0.7578582832551312 -0.7578582832551327 1.515716566510376

# Matrix 16
1.515716559874575 0.7578582793386125 -0.7578582790200938 0.7578582798717981 0.757858271835743
0.7578582793386125 1.5157165633457503 6.233252467382219e-10 0.7578582801642763 0.7578582808820423
-0.7578582790200938 6.233252467382219e-10 1.5157165689208052 -0.757858282098798 7.747155184904567e-9
0.7578582798717981 0.7578582801642763 -0.757858282098798 1.5157165624738633 -3.894563694814974e-9
0.757858271835743 0.7578582808820423 7.747155184904567e-9 -3.894563694814974e-9 1.51571655844364

# Matrix 17
1.5157165551017335 -0.7578582696131323 -0.7578582490536214 0.7578582299595384 -0.7578582577431998
-0.7578582696131323 1.515716582036014 0.7578582814751916 3.5961928375392943e-8 3.1335530271039776e-8
-0.7578582490536214 0.7578582814751916 1.515716539939041 4.316650229170886e-8 0.757858252774779
0.7578582299595384 3.5961928375392943e-8 4.316650229170886e-8 1.515716514877247 -0.7578582184772634
-0.7578582577431998 3.1335530271039776e-8 0.757858252774779 -0.7578582184772634 1.5157164755827597

# Matrix 18
1.515716566510345 0.7578582832551195 -0.7578582832551656 -0.7578582832551574 0.7578582832551649
0.7578582832551195 1.5157165665103194 1.3060658779817822e-14 2.0943242254656424e-14 -6.748531703052874e-14
-0.7578582832551656 1.3060658779817822e-14 1.5157165665103705 0.7578582832552048 -2.1486920313383355e-15
-0.7578582832551574 2.0943242254656424e-14 0.7578582832552048 1.5157165665103718 -0.7578582832551782
0.7578582832551649 -6.748531703052874e-14 -2.1486920313383355e-15 -0.7578582832551782 1.515716566510409

# Matrix 19
1.5157165665103807 0.7578582832551646 -0.7578582832551829 0.7578582832551762 -0.757858283255186
0.7578582832551646 1.5157165665104153 -0.757858283255184 0.757858283255219 -0.7578582832552206
-0.7578582832551829 -0.757858283255184 1.5157165665103745 -0.7578582832552029 8.533415588320273e-15
0.7578582832551762 0.757858283255219 -0.7578582832552029 1.5157165665103995 -0.7578582832551954
-0.757858283255186 -0.7578582832552206 8.533415588320273e-15 -0.7578582832551954 1.5157165665103924

# Matrix 20
1.3195079107728906 -0.6597539553864443 6.354192445335352e-16 6.208724865478319e-17 -0.6597539553864453
-0.6597539553864443 1.6493848884661129 -0.6597539553864447 -0.6597539553864423 0.9896309330796677
6.354192445335352e-16 -0.6597539553864447 1.3195079107728926 -1.7767176536965977e-15 -0.6597539553864454
6.208724865478319e-17 -0.6597539553864423 -1.7767176536965977e-15 1.3195079107728906 -0.6597539553864433
-0.6597539553864453 0.9896309330796677 -0.6597539553864454 -0.6597539553864433 1.649384888466115

# Matrix 21
1.3195079101195357 0.6597539543893702 2.674971808079263e-10 0.6597539539375114 2.9415533570133594e-10
0.6597539543893702 1.649384887057349 -0.6597539542811446 0.9896309312904019 -0.6597539535397254
2.674971808079263e-10 -0.6597539542811446 1.3195079097996536 -0.6597539551420232 -9.556170337349641e-11
0.6597539539375114 0.9896309312904019 -0.6597539551420232 1.649384887363857 -0.6597539537339367
2.9415533570133594e-10 -0.6597539535397254 -9.556170337349641e-11 -0.6597539537339367 1.319507908272766

# Matrix 22
1.5157165665105394 0.7578582832550974 -0.7578582832551116 -0.757858283255095 0.7578582832552043
0.7578582832550974 1.515716566510248 1.589748496889192e-14 -0.7578582832550967 -1.0443282065108906e-14
-0.7578582832551116 1.589748496889192e-14 1.515716566510229 0.7578582832551004 -0.7578582832551114
-0.757858283255095 -0.7578582832550967 0.7578582832551004 1.5157165665102184 -0.7578582832551045
0.7578582832552043 -1.0443282065108906e-14 -0.7578582832551114 -0.7578582832551045 1.5157165665102998

# Matrix 23
1.6493848884661055 -0.6597539553864514 -0.6597539553864384 -0.6597539553864414 -0.6597539553864356
-0.6597539553864514 1.3195079107728993 9.834809352969513e-15 -5.254048990110628e-15 -2.4524881253170886e-15
-0.6597539553864384 9.834809352969513e-15 1.319507910772884 6.288608086617497e-15 -1.0198196176849164e-15
-0.6597539553864414 -5.254048990110628e-15 6.288608086617497e-15 1.319507910772887 -4.414520716858301e-15
-0.6597539553864356 -2.4524881253170886e-15 -1.0198196176849164e-15 -4.414520716858301e-15 1.3195079107728853

# Matrix 24
1.515716565678384 -2.9157139957591646e-9 0.7578582813791177 -0.7578582807392794 0.7578582813201568
-2.9157139957591646e-9 1.5157165573213982 0.7578582753010946 3.164062223253007e-9 0.7578582703504467
0.7578582813791177 0.7578582753010946 1.5157165623441582 -0.75785828079032 0.7578582751491908
-0.7578582807392794 3.164062223253007e-9 -0.75785828079032 1.515716562111618 -0.7578582761153876
0.7578582813201568 0.7578582703504467 0.7578582751491908 -0.7578582761153876 1.5157165563932182

# Matrix 25
1.515716566757244 -2.0022866817438243e-9 0.7578582786726783 -0.7578582810723954 -0.7578582796037953
-2.0022866817438243e-9 1.5157165519964688 0.7578582717417209 -3.7645955586550063e-10 -0.7578582649333381
0.7578582786726783 0.7578582717417209 1.515716554422342 -0.7578582788826916 -0.7578582736760037
-0.7578582810723954 -3.7645955586550063e-10 -0.7578582788826916 1.5157165587529997 7.390222906613109e-9
-0.7578582796037953 -0.7578582649333381 -0.7578582736760037 7.390222906613109e-9 1.5157165526994303

# Matrix 26
1.5157165665103665 -0.7578582832551679 -0.7578582832551812 -0.7578582832551704 0.7578582832551777
-0.7578582832551679 1.5157165665103707 -9.000386637825487e-15 0.7578582832551932 -0.7578582832551776
-0.7578582832551812 -9.000386637825487e-15 1.5157165665103836 -1.7262516867754495e-14 -0.7578582832551904
-0.7578582832551704 0.7578582832551932 -1.7262516867754495e-14 1.5157165665103978 2.212251358096236e-14
0.7578582832551777 -0.7578582832551776 -0.7578582832551904 2.212251358096236e-14 1.515716566510398

# Matrix 27
1.5157165784177555 -0.7578582753141078 0.7578582687841132 0.7578582807623792 0.7578582872577475
-0.7578582753141078 1.5157165635865304 -0.7578582858488465 1.2306178739435335e-8 -2.9845298753623806e-9
0.7578582687841132 -0.7578582858488465 1.515716552129467 -1.9565157402873222e-8 0.7578582637432585
0.7578582807623792 1.2306178739435335e-8 -1.9565157402873222e-8 1.5157165615790409 -1.5627139647447514e-9
0.7578582872577475 -2.9845298753623806e-9 0.7578582637432585 -1.5627139647447514e-9 1.5157165495211882

# Matrix 28
1.5157165665103909 3.2521963009126623e-16 -0.7578582832551901 0.757858283255193 -0.7578582832551912
3.2521963009126623e-16 1.5157165665103935 -0.7578582832551929 -7.498992131866386e-16 -0.7578582832551959
-0.7578582832551901 -0.7578582832551929 1.5157165665103887 -5.991805318385445e-15 0.757858283255194
0.757858283255193 -7.498992131866386e-16 -5.991805318385445e-15 1.5157165665103907 -0.7578582832552004
-0.7578582832551912 -0.7578582832551959 0.757858283255194 -0.7578582832552004 1.5157165665103922

# Matrix 29
1.5157165665104069 0.7578582832551858 -0.7578582832551874 -0.7578582832551825 0.7578582832551822
0.7578582832551858 1.515716566510373 1.2089536049441217e-14 -0.7578582832551835 0.7578582832551792
-0.7578582832551874 1.2089536049441217e-14 1.5157165665103878 -1.8282553097672144e-14 -0.7578582832551777
-0.7578582832551825 -0.7578582832551835 -1.8282553097672144e-14 1.5157165665103869 -0.7578582832551848
0.7578582832551822 0.7578582832551792 -0.7578582832551777 -0.7578582832551848 1.5157165665103687

# Matrix 30
1.5157165665104035 -0.7578582832551721 -0.757858283255192 -0.757858283255183 0.7578582832552
-0.7578582832551721 1.5157165665103312 0.7578582832551821 0.7578582832551142 3.0822269077749616e-14
-0.757858283255192 0.7578582832551821 1.5157165665104173 -3.8206753256747176e-14 -0.7578582832551956
-0.757858283255183 0.7578582832551142 -3.8206753256747176e-14 1.5157165665103494 2.8269148932573844e-14
0.7578582832552 3.0822269077749616e-14 -0.7578582832551956 2.8269148932573844e-14 1.5157165665104226

# Matrix 31
1.6493848884661075 -0.6597539553864032 0.6597539553864066 0.6597539553864727 -0.6597539553864796
-0.6597539553864032 1.319507910772799 -1.1092863529954875e-15 1.554571221127581e-15 6.011813609174533e-15
0.6597539553864066 -1.1092863529954875e-15 1.3195079107728152 -5.139062023618512e-15 1.5863483448179588e-15
0.6597539553864727 1.554571221127581e-15 -5.139062023618512e-15 1.3195079107729513 -2.4901031861946587e-14
-0.6597539553864796 6.011813609174533e-15 1.5863483448179588e-15 -2.4901031861946587e-14 1.319507910772956

# Matrix 32
1.6493848884854163 -0.6597539553911477 -0.6597539554009222 0.6597539553938124 0.6597539553911447
-0.6597539553911477 1.319507910777392 -9.016687436790487e-12 -8.545890969547776e-12 3.169553410409432e-12
-0.6597539554009222 -9.016687436790487e-12 1.3195079107695706 -2.516316583132798e-11 9.01869118528855e-12
0.6597539553938124 -8.545890969547776e-12 -2.516316583132798e-11 1.3195079107700511 8.546679866369192e-12
0.6597539553911447 3.169553410409432e-12 9.01869118528855e-12 8.546679866369192e-12 1.3195079107773926

# Matrix 33
1.515716566510413 -0.7578582832552045 0.757858283255203 -0.757858283255194 0.7578582832551916
-0.7578582832552045 1.5157165665103696 1.3880538332346826e-14 0.7578582832551991 -0.7578582832551717
0.757858283255203 1.3880538332346826e-14 1.5157165665103955 2.617029595760235e-14 0.7578582832551698
-0.757858283255194 0.7578582832551991 2.617029595760235e-14 1.5157165665104235 -0.7578582832551961
0.7578582832551916 -0.7578582832551717 0.7578582832551698 -0.7578582832551961 1.5157165665103687

# Matrix 34
1.5157165665103698 -0.7578582832551568 0.7578582832551445 0.7578582832551463 -0.7578582832551407
-0.7578582832551568 1.5157165665103516 -0.7578582832551428 -0.7578582832551432 -4.561859834746946e-14
0.7578582832551445 -0.7578582832551428 1.5157165665103616 0.7578582832551356 -0.7578582832551486
0.7578582832551463 -0.7578582832551432 0.7578582832551356 1.5157165665103398 -0.7578582832551491
-0.7578582832551407 -4.561859834746946e-14 -0.7578582832551486 -0.7578582832551491 1.5157165665103474

# Matrix 35
1.6493848884661069 0.6597539553864491 0.659753955386437 0.6597539553864368 0.6597539553864358
0.6597539553864491 1.319507910772895 -1.351771867874012e-14 -2.223531895696394e-15 -7.174802591209648e-15
0.659753955386437 -1.351771867874012e-14 1.319507910772896 9.415291914621043e-15 -7.644740919656613e-15
0.6597539553864368 -2.223531895696394e-15 9.415291914621043e-15 1.3195079107728884 -4.986503518712925e-15
0.6597539553864358 -7.174802591209648e-15 -7.644740919656613e-15 -4.986503518712925e-15 1.3195079107728858

# Matrix 36
1.5157165665104337 0.7578582832552159 -0.7578582832552123 0.757858283255201 0.7578582832552103
0.7578582832552159 1.5157165665103571 8.529309593583955e-15 5.165531738618013e-14 0.7578582832551335
-0.7578582832552123 8.529309593583955e-15 1.5157165665104315 -0.757858283255223 -0.7578582832552138
0.757858283255201 5.165531738618013e-14 -0.757858283255223 1.5157165665103713 4.858382922856573e-14
0.7578582832552103 0.7578582832551335 -0.7578582832552138 4.858382922856573e-14 1.5157165665103602

# Matrix 37
1.3195079107728938 -4.3569983872834884e-14 -3.307207222897731e-15 -0.6597539553864288 0.6597539553864031
-4.3569983872834884e-14 1.319507910772902 -4.7924698330781696e-15 -0.659753955386408 0.6597539553863906
-3.307207222897731e-15 -4.7924698330781696e-15 1.3195079107728909 -0.6597539553864387 0.6597539553864404
-0.6597539553864288 -0.659753955386408 -0.6597539553864387 1.6493848884660847 -0.9896309330796065
0.6597539553864031 0.6597539553863906 0.6597539553864404 -0.9896309330796065 1.649384888466026

# Matrix 38
1.3195079107728924 -1.8811642466316645e-15 -3.011294682086996e-15 0.6597539553864409 0.6597539553864389
-1.8811642466316645e-15 1.319507910772896 3.753964955773014e-15 0.6597539553864414 -0.6597539553864482
-3.011294682086996e-15 3.753964955773014e-15 1.319507910772892 -0.6597539553864437 0.6597539553864391
0.6597539553864409 0.6597539553864414 -0.6597539553864437 1.6493848884661129 -0.3298769776932214
0.6597539553864389 -0.6597539553864482 0.6597539553864391 -0.3298769776932214 1.6493848884660982

# Matrix 39
1.5157165665103904 0.7578582832551898 0.7578582832551928 -0.757858283255191 0.7578582832551908
0.7578582832551898 1.5157165665103756 -4.989735694576773e-15 -2.9285095586574814e-15 0.757858283255192
0.7578582832551928 -4.989735694576773e-15 1.5157165665103969 -0.7578582832551912 0.7578582832551916
-0.757858283255191 -2.9285095586574814e-15 -0.7578582832551912 1.5157165665103876 -0.7578582832551937
0.7578582832551908 0.757858283255192 0.7578582832551916 -0.7578582832551937 1.5157165665104013

# Matrix 40
1.5157165665103844 -6.667572055865432e-16 -0.7578582832551913 0.7578582832551908 2.6068974097074612e-17
-6.667572055865432e-16 1.5157165665103933 0.7578582832551924 0.7578582832551947 0.7578582832551893
-0.7578582832551913 0.7578582832551924 1.5157165665103913 2.583042997516092e-15 -1.8828674825017957e-15
0.7578582832551908 0.7578582832551947 2.583042997516092e-15 1.5157165665103922 -1.97754206361888e-15
2.6068974097074612e-17 0.7578582832551893 -1.8828674825017957e-15 -1.97754206361888e-15 1.5157165665103824

# Matrix 41
1.515716566510389 0.7578582832551852 -0.7578582832551917 -0.7578582832551886 0.7578582832551903
0.7578582832551852 1.5157165665103827 -0.757858283255197 -0.7578582832551894 0.7578582832551851
-0.7578582832551917 -0.757858283255197 1.5157165665103949 0.7578582832551894 3.353856047893303e-16
-0.7578582832551886 -0.7578582832551894 0.7578582832551894 1.51571656651039 -0.757858283255198
0.7578582832551903 0.7578582832551851 3.353856047893303e-16 -0.757858283255198 1.5157165665103933

# Matrix 42
1.5157165665104055 0.7578582832551285 -0.7578582832551882 0.7578582832551456 -0.7578582832551849
0.7578582832551285 1.5157165665103471 8.587043165135486e-15 -4.8084106927725844e-15 -0.7578582832551594
-0.7578582832551882 8.587043165135486e-15 1.5157165665103325 -0.7578582832551648 0.7578582832551568
0.7578582832551456 -4.8084106927725844e-15 -0.7578582832551648 1.5157165665103487 2.709449433571067e-15
-0.7578582832551849 -0.7578582832551594 0.7578582832551568 2.709449433571067e-15 1.5157165665103267

# Matrix 43
1.51571656651038 0.7578582832551878 0.7578582832551831 0.7578582832551783 0.7578582832551822
0.7578582832551878 1.5157165665103853 0.7578582832551922 0.7578582832551863 -3.0428399750470916e-16
0.7578582832551831 0.7578582832551922 1.5157165665103893 0.7578582832551839 0.7578582832551872
0.7578582832551783 0.7578582832551863 0.7578582832551839 1.5157165665103818 -9.385554709634165e-15
0.7578582832551822 -3.0428399750470916e-16 0.7578582832551872 -9.385554709634165e-15 1.5157165665103844

# Matrix 44
1.5157165665103947 -6.854773828915115e-15 0.757858283255195 -0.7578582832551973 0.7578582832551854
-6.854773828915115e-15 1.5157165665103838 0.7578582832551841 -3.505741110634738e-15 0.7578582832551806
0.757858283255195 0.7578582832551841 1.5157165665103856 -7.339233899021804e-15 0.7578582832551851
-0.7578582832551973 -3.505741110634738e-15 -7.339233899021804e-15 1.5157165665103904 4.063570458419457e-15
0.7578582832551854 0.7578582832551806 0.7578582832551851 4.063570458419457e-15 1.5157165665103824

# Matrix 45
1.5157165690998247 -0.7578582734016912 0.7578582834017197 0.7578582784112863 -0.7578582708658035
-0.7578582734016912 1.5157165490537527 3.313893768903777e-9 -0.7578582675702652 0.7578582655021971
0.7578582834017197 3.313893768903777e-9 1.515716573809843 -6.038005837321175e-9 -0.7578582811868151
0.7578582784112863 -0.7578582675702652 -6.038005837321175e-9 1.5157165596417606 -0.757858264709215
-0.7578582708658035 0.7578582655021971 -0.7578582811868151 -0.757858264709215 1.5157165454156696

# Matrix 46
1.515716566510442 0.7578582832551544 0.7578582832551972 0.7578582832552105 0.7578582832551732
0.7578582832551544 1.515716566510353 0.7578582832551756 -1.9113085887146556e-14 0.7578582832551423
0.7578582832551972 0.7578582832551756 1.5157165665103771 4.949664920524255e-15 -9.44407581190906e-15
0.7578582832552105 -1.9113085887146556e-14 4.949664920524255e-15 1.5157165665103798 0.75785828325518
0.7578582832551732 0.7578582832551423 -9.44407581190906e-15 0.75785828325518 1.5157165665103312

# Matrix 47
1.5157165665103904 0.7578582832551906 0.7578582832551906 -0.7578582832551937 0.7578582832551893
0.7578582832551906 1.5157165665103982 0.7578582832551998 4.601468337670577e-15 0.7578582832551894
0.7578582832551906 0.7578582832551998 1.5157165665103824 3.380088146398458e-15 6.707749042538111e-15
-0.7578582832551937 4.601468337670577e-15 3.380088146398458e-15 1.5157165665103993 5.555784046476304e-15
0.7578582832551893 0.7578582832551894 6.707749042538111e-15 5.555784046476304e-15 1.5157165665103791

# Matrix 48
1.5157165665105272 0.7578582832551692 -0.7578582832551543 -0.7578582832552618 0.7578582832551698
0.7578582832551692 1.5157165665103085 2.257026601088825e-15 -1.2421417540310118e-14 0.7578582832551634
-0.7578582832551543 2.257026601088825e-15 1.5157165665103118 0.7578582832551605 -0.7578582832551525
-0.7578582832552618 -1.2421417540310118e-14 0.7578582832551605 1.515716566510396 -0.7578582832551503
0.7578582832551698 0.7578582832551634 -0.7578582832551525 -0.7578582832551503 1.5157165665102925

# Matrix 49
1.5157165665104293 -0.7578582832551641 0.757858283255163 -0.7578582832551753 -0.7578582832551957
-0.7578582832551641 1.5157165665103485 -0.7578582832551612 0.7578582832551791 0.7578582832551825
0.757858283255163 -0.7578582832551612 1.5157165665103336 3.4013021151297533e-15 6.524298064322773e-16
-0.7578582832551753 0.7578582832551791 3.4013021151297533e-15 1.5157165665103605 0.757858283255182
-0.7578582832551957 0.7578582832551825 6.524298064322773e-16 0.757858283255182 1.5157165665103867

# Matrix 50
1.515716566510396 -0.7578582832551921 -0.7578582832551968 -0.7578582832551957 -0.7578582832551882
-0.7578582832551921 1.5157165665103922 7.769272270304994e-16 0.7578582832552054 0.7578582832552057
-0.7578582832551968 7.769272270304994e-16 1.5157165665104047 0.757858283255193 0.7578582832551729
-0.7578582832551957 0.7578582832552054 0.757858283255193 1.515716566510397 0.7578582832552131
-0.7578582832551882 0.7578582832552057 0.7578582832551729 0.7578582832552131 1.5157165665103707

# Matrix 51
1.5157165665103893 3.176065119747231e-15 -0.7578582832551864 1.2176415351059428e-14 0.7578582832551881
3.176065119747231e-15 1.515716566510387 0.7578582832551888 0.7578582832551883 0.7578582832551886
-0.7578582832551864 0.7578582832551888 1.5157165665103844 0.7578582832551819 3.673580043471612e-15
1.2176415351059428e-14 0.7578582832551883 0.7578582832551819 1.515716566510385 2.812879590628373e-15
0.7578582832551881 0.7578582832551886 3.673580043471612e-15 2.812879590628373e-15 1.5157165665103827

# Matrix 52
1.5157165665103887 -1.817165562850895e-14 0.7578582832551879 -2.4574213599351526e-15 0.7578582832551802
-1.817165562850895e-14 1.5157165665103591 0.7578582832551599 0.7578582832551565 0.7578582832551622
0.7578582832551879 0.7578582832551599 1.5157165665103691 0.757858283255167 0.7578582832551695
-2.4574213599351526e-15 0.7578582832551565 0.757858283255167 1.5157165665103685 -1.9997339614066992e-14
0.7578582832551802 0.7578582832551622 0.7578582832551695 -1.9997339614066992e-14 1.515716566510372

# Matrix 53
1.5157165665103856 2.079210920201755e-15 -0.7578582832551874 0.7578582832551838 0.7578582832551927
2.079210920201755e-15 1.515716566510387 0.7578582832551908 9.167905741780185e-15 0.757858283255194
-0.7578582832551874 0.7578582832551908 1.5157165665103873 -0.757858283255185 -2.7431430194958525e-15
0.7578582832551838 9.167905741780185e-15 -0.757858283255185 1.5157165665103858 0.7578582832552005
0.7578582832551927 0.757858283255194 -2.7431430194958525e-15 0.7578582832552005 1.5157165665104013

# Matrix 54
1.5157165635274685 0.7578582811009883 0.757858279055959 0.7578582771314274 -0.7578582796163292
0.7578582811009883 1.5157165472146683 1.1982368696980221e-9 3.682268110784861e-9 -1.5454374653394635e-8
0.757858279055959 1.1982368696980221e-9 1.5157165631161962 0.7578582721646688 -4.624299792637584e-10
0.7578582771314274 3.682268110784861e-9 0.7578582721646688 1.5157165653149203 4.897736485449797e-10
-0.7578582796163292 -1.5454374653394635e-8 -4.624299792637584e-10 4.897736485449797e-10 1.5157165437889124

# Matrix 55
1.5157165665103902 1.1027632902469119e-15 0.757858283255188 -0.7578582832551859 -0.7578582832551934
1.1027632902469119e-15 1.5157165665103847 -0.7578582832551869 -2.026758137755126e-15 0.757858283255187
0.757858283255188 -0.7578582832551869 1.5157165665103831 -0.7578582832551862 -0.7578582832551859
-0.7578582832551859 -2.026758137755126e-15 -0.7578582832551862 1.5157165665103842 0.7578582832551964
-0.7578582832551934 0.757858283255187 -0.7578582832551859 0.7578582832551964 1.5157165665103969

# Matrix 56
1.5157165665099288 -1.6523171026655704e-13 0.7578582832544143 -4.099167778127428e-13 0.7578582832549495
-1.6523171026655704e-13 1.51571656651017 0.7578582832549484 0.7578582832549582 0.7578582832547833
0.7578582832544143 0.7578582832549484 1.5157165665098182 0.7578582832549101 0.7578582832545082
-4.099167778127428e-13 0.7578582832549582 0.7578582832549101 1.5157165665103394 0.7578582832546115
0.7578582832549495 0.7578582832547833 0.7578582832545082 0.7578582832546115 1.515716566509938

# Matrix 57
1.515716559964759 -2.0432390574229128e-11 0.7578582721518108 0.7578582785033806 0.7578582780023334
-2.0432390574229128e-11 1.515716565555252 -0.7578582788208965 7.147616385441844e-10 -0.7578582791274971
0.7578582721518108 -0.7578582788208965 1.5157165592305706 0.757858279702112 0.7578582730548098
0.7578582785033806 7.147616385441844e-10 0.757858279702112 1.5157165632653793 0.7578582796422451
0.7578582780023334 -0.7578582791274971 0.7578582730548098 0.7578582796422451 1.5157165581212764

# Matrix 58
1.5157165665103878 3.0829194858831894e-15 0.7578582832551839 -0.7578582832551874 -0.7578582832551927
3.0829194858831894e-15 1.5157165665103867 -0.757858283255186 2.715264249113325e-15 -0.7578582832551926
0.7578582832551839 -0.757858283255186 1.5157165665103836 -3.445867006480998e-16 -4.208768549726043e-15
-0.7578582832551874 2.715264249113325e-15 -3.445867006480998e-16 1.5157165665103864 0.757858283255193
-0.7578582832551927 -0.7578582832551926 -4.208768549726043e-15 0.757858283255193 1.5157165665103904

# Matrix 59
1.5157165670462938 -0.7578582785456599 -0.7578582749433379 -0.7578582808967177 0.7578582822728063
-0.7578582785456599 1.5157165582654746 0.7578582737558585 -4.837022023188015e-9 -0.7578582778288334
-0.7578582749433379 0.7578582737558585 1.515716556254811 0.7578582741864618 -0.7578582752890469
-0.7578582808967177 -4.837022023188015e-9 0.7578582741864618 1.5157165612237071 -0.757858279142614
0.7578582822728063 -0.7578582778288334 -0.7578582752890469 -0.757858279142614 1.5157165652250917

# Matrix 60
1.515716566510369 -0.7578582832551786 0.757858283255174 -0.7578582832551839 -0.7578582832551742
-0.7578582832551786 1.5157165665103853 -0.7578582832551706 -2.2772382822715793e-14 0.757858283255182
0.757858283255174 -0.7578582832551706 1.5157165665103833 -0.7578582832551911 1.7417516723353368e-14
-0.7578582832551839 -2.2772382822715793e-14 -0.7578582832551911 1.5157165665104002 -1.1316690109409846e-14
-0.7578582832551742 0.757858283255182 1.7417516723353368e-14 -1.1316690109409846e-14 1.515716566510377

# Matrix 61
1.5157165565904902 -0.7578582754471965 -0.7578582751350973 0.7578582770606942 0.7578582750567749
-0.7578582754471965 1.5157165550181602 0.7578582709372942 -0.7578582806300863 -0.7578582778610029
-0.7578582751350973 0.7578582709372942 1.5157165568848963 -0.7578582726228315 4.235556952295653e-9
0.7578582770606942 -0.7578582806300863 -0.7578582726228315 1.5157165663103687 1.2372621111464945e-9
0.7578582750567749 -0.7578582778610029 4.235556952295653e-9 1.2372621111464945e-9 1.515716561587562

# Matrix 62
1.515716566510418 -0.7578582832551934 0.7578582832552048 0.7578582832552013 -0.7578582832551924
-0.7578582832551934 1.5157165665103929 -0.7578582832552185 -0.7578582832551995 0.7578582832551831
0.7578582832552048 -0.7578582832552185 1.5157165665103307 0.7578582832552062 -9.278337822174933e-14
0.7578582832552013 -0.7578582832551995 0.7578582832552062 1.5157165665104595 -0.7578582832551999
-0.7578582832551924 0.7578582832551831 -9.278337822174933e-14 -0.7578582832551999 1.5157165665103014

# Matrix 63
1.3195079107728955 -2.8474939230697593e-15 0.6597539553864412 -0.6597539553864473 -0.6597539553864447
-2.8474939230697593e-15 1.3195079107728935 0.659753955386443 0.6597539553864474 -0.6597539553864414
0.6597539553864412 0.659753955386443 1.649384888466106 -0.32987697769322294 -0.9896309330796638
-0.6597539553864473 0.6597539553864474 -0.32987697769322294 1.649384888466117 -0.3298769776932194
-0.6597539553864447 -0.6597539553864414 -0.9896309330796638 -0.3298769776932194 1.649384888466112

# Matrix 64
1.5157165596513082 -0.7578582697915137 0.7578582751162729 -0.7578582792951583 -0.7578582737719247
-0.7578582697915137 1.5157165659992404 1.752569573797244e-8 -1.7716461702042833e-8 0.7578582726512726
0.7578582751162729 1.752569573797244e-8 1.515716566161474 -0.757858290742922 -0.757858274462907
-0.7578582792951583 -1.7716461702042833e-8 -0.757858290742922 1.515716578762843 3.186065854165059e-9
-0.7578582737719247 0.7578582726512726 -0.757858274462907 3.186065854165059e-9 1.515716541765512

# Matrix 65
1.5157165623334146 0.7578582717395521 0.7578582796119424 -0.7578582697248593 0.7578582785050639
0.7578582717395521 1.5157165544112594 0.7578582777061849 -0.7578582698282942 -1.0485184213376583e-8
0.7578582796119424 0.7578582777061849 1.515716565061983 -0.7578582704517359 0.7578582720067025
-0.7578582697248593 -0.7578582698282942 -0.7578582704517359 1.5157165523407676 -0.7578582717739263
0.7578582785050639 -1.0485184213376583e-8 0.7578582720067025 -0.7578582717739263 1.515716560650605

# Matrix 66
1.5157165665103793 -0.7578582832551812 -0.7578582832551708 0.7578582832551838 0.7578582832551732
-0.7578582832551812 1.5157165665103804 0.7578582832551763 -0.7578582832551919 1.482016236716331e-14
-0.7578582832551708 0.7578582832551763 1.5157165665103862 -0.7578582832551753 -0.7578582832551838
0.7578582832551838 -0.7578582832551919 -0.7578582832551753 1.5157165665103864 0.7578582832551728
0.7578582832551732 1.482016236716331e-14 -0.7578582832551838 0.7578582832551728 1.5157165665103753

# Matrix 67
1.515716566510377 -0.7578582832551861 0.7578582832551878 0.7578582832551829 0.7578582832551851
-0.7578582832551861 1.5157165665103889 3.3622348022333884e-15 -0.7578582832552005 1.3208936367966916e-15
0.7578582832551878 3.3622348022333884e-15 1.5157165665103929 -3.69807208477501e-15 -6.1166669315381705e-15
0.7578582832551829 -0.7578582832552005 -3.69807208477501e-15 1.5157165665103944 0.7578582832551848
0.7578582832551851 1.3208936367966916e-15 -6.1166669315381705e-15 0.7578582832551848 1.5157165665103862

# Matrix 68
1.515716567640082 -0.7578582643041258 -0.7578582730924243 0.7578582313178682 0.7578582818849005
-0.7578582643041258 1.5157165401418944 0.7578582772831634 -0.7578582702971692 -2.713237792519679e-8
-0.7578582730924243 0.7578582772831634 1.51571655919308 -0.7578582396245261 -0.7578582622313869
0.7578582313178682 -0.7578582702971692 -0.7578582396245261 1.515716514074798 0.7578582326447536
0.7578582818849005 -2.713237792519679e-8 -0.7578582622313869 0.7578582326447536 1.515716518510082

# Matrix 69
1.6493848884660953 -0.6597539553864481 0.6597539553864427 -0.659753955386409 0.6597539553864306
-0.6597539553864481 1.319507910772915 3.539293328861441e-15 -5.395159360705427e-15 3.5209025592802473e-15
0.6597539553864427 3.539293328861441e-15 1.3195079107728978 8.982402397116545e-16 -2.7221385208300516e-15
-0.659753955386409 -5.395159360705427e-15 8.982402397116545e-16 1.319507910772836 2.9570847205023082e-15
0.6597539553864306 3.5209025592802473e-15 -2.7221385208300516e-15 2.9570847205023082e-15 1.3195079107728758

# Matrix 70
1.5157165665103456 -0.7578582832551543 -0.7578582832551651 0.7578582832551722 0.7578582832551616
-0.7578582832551543 1.5157165665103556 0.7578582832552099 -0.7578582832552013 -0.7578582832552058
-0.7578582832551651 0.7578582832552099 1.5157165665103975 -4.657787776136137e-14 -4.636569509771273e-14
0.7578582832551722 -0.7578582832552013 -4.657787776136137e-14 1.5157165665103765 0.7578582832552058
0.7578582832551616 -0.7578582832552058 -4.636569509771273e-14 0.7578582832552058 1.5157165665103782

# Matrix 71
1.5157165665103924 -0.7578582832551873 -0.7578582832551921 -0.7578582832551899 -0.7578582832551909
-0.7578582832551873 1.5157165665103818 0.7578582832551911 0.7578582832551843 0.7578582832551899
-0.7578582832551921 0.7578582832551911 1.5157165665103982 0.7578582832551881 -4.3927408611351546e-15
-0.7578582832551899 0.7578582832551843 0.7578582832551881 1.5157165665103844 -5.586954689561956e-15
-0.7578582832551909 0.7578582832551899 -4.3927408611351546e-15 -5.586954689561956e-15 1.5157165665103918

# Matrix 72
1.5157165665103893 -0.7578582832551815 -0.7578582832551892 -0.7578582832551871 -0.75785828325519
-0.7578582832551815 1.5157165665103804 0.757858283255198 0.7578582832551854 0.7578582832551778
-0.7578582832551892 0.757858283255198 1.5157165665103967 0.7578582832551874 -1.930371359195234e-16
-0.7578582832551871 0.7578582832551854 0.7578582832551874 1.5157165665103842 0.757858283255197
-0.75785828325519 0.7578582832551778 -1.930371359195234e-16 0.757858283255197 1.5157165665103882

# Matrix 73
1.5157165665103163 -0.7578582832551142 0.7578582832551062 0.7578582832551305 -0.7578582832550973
-0.7578582832551142 1.5157165665103163 -0.7578582832551156 7.642361624942879e-14 -9.118668077205581e-14
0.7578582832551062 -0.7578582832551156 1.5157165665103143 -7.145619338137742e-14 -0.7578582832550941
0.7578582832551305 7.642361624942879e-14 -7.145619338137742e-14 1.515716566510388 -0.7578582832551763
-0.7578582832550973 -9.118668077205581e-14 -0.7578582832550941 -0.7578582832551763 1.5157165665103556

# Matrix 74
1.5157165665104195 0.7578582832551761 0.7578582832552077 -0.7578582832551689 0.7578582832552078
0.7578582832551761 1.515716566510377 0.757858283255187 -0.7578582832551785 8.299285537063976e-16
0.7578582832552077 0.757858283255187 1.5157165665104162 8.175261121018245e-15 0.7578582832552138
-0.7578582832551689 -0.7578582832551785 8.175261121018245e-15 1.5157165665103367 6.526930586624575e-15
0.7578582832552078 8.299285537063976e-16 0.7578582832552138 6.526930586624575e-15 1.5157165665103913

# Matrix 75
1.5157165665103725 -2.0701668668683e-14 -0.7578582832551755 -2.617243879496148e-15 -0.7578582832551594
-2.0701668668683e-14 1.5157165665103813 -0.7578582832551765 0.7578582832551886 -0.757858283255177
-0.7578582832551755 -0.7578582832551765 1.5157165665103807 1.000348777689452e-14 0.7578582832551587
-2.617243879496148e-15 0.7578582832551886 1.000348777689452e-14 1.5157165665103896 2.413758913148662e-15
-0.7578582832551594 -0.757858283255177 0.7578582832551587 2.413758913148662e-15 1.5157165665103671

# Matrix 76
1.5157165665103836 -8.478945714070698e-15 0.7578582832551908 -1.691349517156479e-15 -0.7578582832551847
-8.478945714070698e-15 1.515716566510383 -0.7578582832551926 0.7578582832551894 -0.757858283255183
0.7578582832551908 -0.7578582832551926 1.515716566510397 6.696892458326881e-15 5.532049590782336e-17
-1.691349517156479e-15 0.7578582832551894 6.696892458326881e-15 1.5157165665103904 5.08194009770855e-15
-0.7578582832551847 -0.757858283255183 5.532049590782336e-17 5.08194009770855e-15 1.515716566510381

# Matrix 77
1.5157165665103869 -1.4387488087399553e-14 0.757858283255186 3.261955276607458e-16 -0.7578582832551866
-1.4387488087399553e-14 1.5157165665103716 0.7578582832551773 0.7578582832551785 -0.7578582832551753
0.757858283255186 0.7578582832551773 1.5157165665103867 0.7578582832551854 -0.7578582832551797
3.261955276607458e-16 0.7578582832551785 0.7578582832551854 1.5157165665103856 9.421265806531787e-15
-0.7578582832551866 -0.7578582832551753 -0.7578582832551797 9.421265806531787e-15 1.5157165665103811

# Matrix 78
1.5157165665104122 -5.024881118370651e-15 0.757858283255198 -0.7578582832552028 -0.7578582832551769
-5.024881118370651e-15 1.5157165665103678 -0.7578582832551825 -0.7578582832551803 -0.7578582832551793
0.757858283255198 -0.7578582832551825 1.5157165665103853 -1.456938635049379e-14 -3.3817540342999308e-15
-0.7578582832552028 -0.7578582832551803 -1.456938635049379e-14 1.5157165665103933 0.757858283255177
