# Matrix 1
1.515716566510384 0.7578582832551883 -0.7578582832551899 0.7578582832551874 0.7578582832551868
0.7578582832551883 1.5157165665103882 5.770062032416763e-16 0.7578582832551959 -4.084460371656596e-15
-0.7578582832551899 5.770062032416763e-16 1.5157165665103933 -0.7578582832551947 6.57931979555549e-15
0.7578582832551874 0.7578582832551959 -0.7578582832551947 1.5157165665103944 -6.688046718648087e-15
0.7578582832551868 -4.084460371656596e-15 6.57931979555549e-15 -6.688046718648087e-15 1.5157165665103876

Energy at Q: 0.3487516511318803

# Matrix 2
1.5157165665103427 0.7578582832551475 -0.7578582832551382 -0.7578582832551553 0.7578582832551538
0.7578582832551475 1.5157165665103722 -0.757858283255171 -0.757858283255152 -6.166713364845342e-14
-0.7578582832551382 -0.757858283255171 1.5157165665103642 0.7578582832551627 -0.7578582832551459
-0.7578582832551553 -0.757858283255152 0.7578582832551627 1.5157165665103816 -0.7578582832551777
0.7578582832551538 -6.166713364845342e-14 -0.7578582832551459 -0.7578582832551777 1.5157165665103853

Energy at Q: 0.3487516511318553

# Matrix 3
1.5157165665091548 0.7578582832543456 0.7578582832545159 0.7578582832540346 -0.7578582832539492
0.7578582832543456 1.5157165665115502 -1.565896371608099e-12 0.7578582832539937 -0.7578582832539259
0.7578582832545159 -1.565896371608099e-12 1.5157165665110621 -3.4335268915029465e-14 -0.7578582832541472
0.7578582832540346 0.7578582832539937 -3.4335268915029465e-14 1.5157165665079666 -0.7578582832539625
-0.7578582832539492 -0.7578582832539259 -0.7578582832541472 -0.7578582832539625 1.5157165665080767

Energy at Q: 0.3487516511319188

# Matrix 4
1.515716566510345 -2.934886761615755e-14 -0.757858283255159 -1.0373007973584973e-14 -0.757858283255138
-2.934886761615755e-14 1.5157165665103582 -0.7578582832551389 0.7578582832551486 -0.757858283255129
-0.757858283255159 -0.7578582832551389 1.515716566510397 3.199703455875852e-14 0.7578582832551178
-1.0373007973584973e-14 0.7578582832551486 3.199703455875852e-14 1.5157165665103338 -0.7578582832551635
-0.757858283255138 -0.757858283255129 0.7578582832551178 -0.7578582832551635 1.5157165665102994

Energy at Q: 0.3487516511318933

# Matrix 5
1.5157165665103942 0.7578582832551906 0.7578582832551942 -0.757858283255196 -0.7578582832551911
0.7578582832551906 1.5157165665103927 0.7578582832551921 8.54952809543448e-15 -0.7578582832551954
0.7578582832551942 0.7578582832551921 1.515716566510398 -0.7578582832551944 6.613767024578246e-15
-0.757858283255196 8.54952809543448e-15 -0.7578582832551944 1.5157165665103933 -3.97750839828264e-15
-0.7578582832551911 -0.7578582832551954 6.613767024578246e-15 -3.97750839828264e-15 1.5157165665103933

Energy at Q: 0.34875165113194656

# Matrix 6
1.5157165665103889 -0.7578582832551839 0.7578582832551866 -0.7578582832551886 0.7578582832551927
-0.7578582832551839 1.5157165665103838 -0.757858283255185 0.7578582832551857 -0.7578582832551906
0.7578582832551866 -0.757858283255185 1.5157165665103853 6.373158765485922e-15 -3.710363848963719e-15
-0.7578582832551886 0.7578582832551857 6.373158765485922e-15 1.5157165665103876 -0.7578582832551887
0.7578582832551927 -0.7578582832551906 -3.710363848963719e-15 -0.7578582832551887 1.5157165665103924

Energy at Q: 0.34875165113193857

# Matrix 7
1.5157165665105627 -0.7578582832551564 -0.7578582832550195 0.7578582832551861 -0.757858283255023
-0.7578582832551564 1.5157165665102919 0.7578582832551164 -0.7578582832551637 0.7578582832551171
-0.7578582832550195 0.7578582832551164 1.5157165665102297 6.650627908413758e-14 0.7578582832551463
0.7578582832551861 -0.7578582832551637 6.650627908413758e-14 1.5157165665102628 5.27159441293479e-14
-0.757858283255023 0.7578582832551171 0.7578582832551463 5.27159441293479e-14 1.5157165665102104

Energy at Q: 0.34875165113193557

# Matrix 8
1.5157165665103898 -0.757858283255183 -0.7578582832551916 0.7578582832551916 -0.757858283255183
-0.757858283255183 1.515716566510375 -1.4041936796709335e-14 -0.7578582832551903 0.7578582832551815
-0.7578582832551916 -1.4041936796709335e-14 1.5157165665104 3.5995766370222984e-15 0.7578582832551815
0.7578582832551916 -0.7578582832551903 3.5995766370222984e-15 1.5157165665103984 3.2104656988203992e-15
-0.757858283255183 0.7578582832551815 0.7578582832551815 3.2104656988203992e-15 1.5157165665103747

Energy at Q: 0.3487516511319505

# Matrix 9
1.6493848884565248 0.6597539553814411 -0.6597539553825766 -0.6597539553790345 0.6597539553790503
0.6597539553814411 1.3195079107702687 -8.697062680958479e-12 9.951270478069638e-12 -9.916368344190724e-12
-0.6597539553825766 -8.697062680958479e-12 1.3195079107708887 -9.033588925520473e-12 9.00901919593133e-12
-0.6597539553790345 9.951270478069638e-12 -9.033588925520473e-12 1.3195079107705787 -1.0330774775332839e-11
0.6597539553790503 -9.916368344190724e-12 9.00901919593133e-12 -1.0330774775332839e-11 1.3195079107705374

Energy at Q: 0.34875165113191253

# Matrix 10
1.5157165665103667 0.7578582832551723 0.7578582832551695 0.75785828325518 0.7578582832551812
0.7578582832551723 1.5157165665102232 0.7578582832550469 -8.968470508453392e-15 0.7578582832551872
0.7578582832551695 0.7578582832550469 1.5157165665104537 0.7578582832551751 8.53587517598682e-15
0.75785828325518 -8.968470508453392e-15 0.7578582832551751 1.5157165665104504 -8.379874294788772e-15
0.7578582832551812 0.7578582832551872 8.53587517598682e-15 -8.379874294788772e-15 1.5157165665102057

Energy at Q: 0.3487516511319471

# Matrix 11
1.5157165665103818 -0.7578582832551809 -0.7578582832551766 -0.7578582832551757 0.7578582832551863
-0.7578582832551809 1.515716566510386 0.7578582832551766 0.7578582832551759 1.581471957418809e-14
-0.7578582832551766 0.7578582832551766 1.5157165665103693 0.757858283255172 -0.7578582832551823
-0.7578582832551757 0.7578582832551759 0.757858283255172 1.5157165665103816 -0.7578582832551887
0.7578582832551863 1.581471957418809e-14 -0.7578582832551823 -0.7578582832551887 1.5157165665103953

Energy at Q: 0.3487516511319428

# Matrix 12
1.3195079107728929 -0.6597539553864429 -3.82593408620025e-15 -0.6597539553864415 -4.9721729151642455e-15
-0.6597539553864429 1.6493848884661206 -0.659753955386447 0.9896309330796692 -0.6597539553864475
-3.82593408620025e-15 -0.659753955386447 1.319507910772894 -0.6597539553864441 -3.725286971619411e-15
-0.6597539553864415 0.9896309330796692 -0.6597539553864441 1.649384888466117 -0.6597539553864451
-4.9721729151642455e-15 -0.6597539553864475 -3.725286971619411e-15 -0.6597539553864451 1.3195079107728918

Energy at Q: 0.34875165113190715

# Matrix 13
1.515716566510354 0.757858283255171 0.7578582832551548 0.7578582832551661 -0.7578582832551604
0.757858283255171 1.5157165665105095 0.7578582832553198 0.7578582832551689 -0.7578582832553312
0.7578582832551548 0.7578582832553198 1.5157165665104573 1.8125422278744056e-14 -0.7578582832553262
0.7578582832551661 0.7578582832551689 1.8125422278744056e-14 1.5157165665103105 -0.7578582832551515
-0.7578582832551604 -0.7578582832553312 -0.7578582832553262 -0.7578582832551515 1.515716566510432

Energy at Q: 0.348751651131948

# Matrix 14
1.5157165665103844 0.7578582832551765 0.7578582832551833 0.7578582832551846 0.7578582832551918
0.7578582832551765 1.5157165665103758 0.7578582832551798 0.7578582832551791 0.7578582832551883
0.7578582832551833 0.7578582832551798 1.5157165665103827 0.7578582832551866 -7.485702246882037e-15
0.7578582832551846 0.7578582832551791 0.7578582832551866 1.5157165665103878 0.7578582832551943
0.7578582832551918 0.7578582832551883 -7.485702246882037e-15 0.7578582832551943 1.5157165665104035

Energy at Q: 0.34875165113194573

# Matrix 15
1.5157165665123462 -0.757858283248959 -0.7578582832482271 0.7578582832469856 0.7578582832512745
-0.757858283248959 1.5157165665120709 0.7578582832491101 1.5716035339959994e-11 1.2844328068077638e-11
-0.7578582832482271 0.7578582832491101 1.5157165665123453 -0.7578582832467404 1.3502579299377895e-11
0.7578582832469856 1.5716035339959994e-11 -0.7578582832467404 1.5157165664911256 0.7578582832357897
0.7578582832512745 1.2844328068077638e-11 1.3502579299377895e-11 0.7578582832357897 1.5157165665012218

Energy at Q: 0.34875165113193535

# Matrix 16
1.5157165665102788 0.7578582832549545 0.7578582832550824 0.7578582832549803 0.7578582832550089
0.7578582832549545 1.5157165665098942 7.754638679436403e-14 0.7578582832549812 0.7578582832549952
0.7578582832550824 7.754638679436403e-14 1.515716566510252 0.7578582832550542 0.7578582832551377
0.7578582832549803 0.7578582832549812 0.7578582832550542 1.5157165665102126 0.7578582832550173
0.7578582832550089 0.7578582832549952 0.7578582832551377 0.7578582832550173 1.5157165665104098

Energy at Q: 0.3487516511319411

# Matrix 17
1.5157165665103405 0.7578582832548697 -0.7578582832550141 -0.7578582832547147 0.757858283254724
0.7578582832548697 1.5157165665105552 -0.7578582832556366 3.695211167947492e-15 0.7578582832547235
-0.7578582832550141 -0.7578582832556366 1.515716566510592 3.136493214055957e-15 3.0115467383811888e-15
-0.7578582832547147 3.695211167947492e-15 3.136493214055957e-15 1.515716566509433 -0.7578582832547156
0.757858283254724 0.7578582832547235 3.0115467383811888e-15 -0.7578582832547156 1.5157165665094563

Energy at Q: 0.3487516511319105

# Matrix 18
1.515716566510621 -0.7578582832551644 -0.7578582832551086 0.7578582832550217 -0.757858283255071
-0.7578582832551644 1.5157165665103554 0.7578582832551881 9.066142868918669e-15 0.7578582832551607
-0.7578582832551086 0.7578582832551881 1.5157165665101984 4.695995341970529e-15 -2.191257432088402e-14
0.7578582832550217 9.066142868918669e-15 4.695995341970529e-15 1.5157165665100505 -0.7578582832550225
-0.757858283255071 0.7578582832551607 -2.191257432088402e-14 -0.7578582832550225 1.515716566510205

Energy at Q: 0.3487516511319506

# Matrix 19
1.3195079107729923 -2.038432441558146e-13 -0.6597539553864724 0.6597539553863285 0.6597539553864692
-2.038432441558146e-13 1.319507910772977 0.6597539553864669 -0.6597539553863301 0.659753955386322
-0.6597539553864724 0.6597539553864669 1.649384888465937 -0.9896309330796537 -0.32987697769314633
0.6597539553863285 -0.6597539553863301 -0.9896309330796537 1.6493848884659268 -0.3298769776931313
0.6597539553864692 0.659753955386322 -0.32987697769314633 -0.3298769776931313 1.6493848884659208

Energy at Q: 0.34875165113190787

# Matrix 20
1.5157165665070575 -0.7578582832532437 0.7578582832511486 0.7578582832533305 0.7578582832527426
-0.7578582832532437 1.5157165665102323 1.3146004156470182e-12 3.2092243579445577e-12 -0.7578582832529938
0.7578582832511486 1.3146004156470182e-12 1.5157165665063816 -1.5039584040222831e-12 -2.426273581477789e-12
0.7578582832533305 3.2092243579445577e-12 -1.5039584040222831e-12 1.5157165665098298 0.7578582832531158
0.7578582832527426 -0.7578582832529938 -2.426273581477789e-12 0.7578582832531158 1.5157165665096077

Energy at Q: 0.34875165113194395

# Matrix 21
1.5157165665103813 -0.7578582832551873 0.7578582832551859 -0.7578582832551777 -0.7578582832551823
-0.7578582832551873 1.5157165665103938 6.2081947344215066e-15 0.7578582832551831 0.7578582832551898
0.7578582832551859 6.2081947344215066e-15 1.5157165665103935 -0.7578582832551846 -0.7578582832551888
-0.7578582832551777 0.7578582832551831 -0.7578582832551846 1.515716566510374 0.7578582832551791
-0.7578582832551823 0.7578582832551898 -0.7578582832551888 0.7578582832551791 1.5157165665103847

Energy at Q: 0.34875165113193557

# Matrix 22
1.515716566510377 0.7578582832551878 -0.7578582832551736 0.7578582832551719 0.7578582832551883
0.7578582832551878 1.5157165665103935 -0.757858283255189 -1.041330827884692e-14 -4.565102665032544e-15
-0.7578582832551736 -0.757858283255189 1.5157165665103747 -0.7578582832551694 1.7253235040671324e-14
0.7578582832551719 -1.041330827884692e-14 -0.7578582832551694 1.5157165665103711 0.7578582832551845
0.7578582832551883 -4.565102665032544e-15 1.7253235040671324e-14 0.7578582832551845 1.5157165665104022

Energy at Q: 0.3487516511319482

# Matrix 23
1.5157165665102688 0.7578582832548909 -0.7578582832546605 0.757858283254653 0.7578582832546722
0.7578582832548909 1.5157165665098644 2.6355539286049484e-13 0.7578582832548089 0.7578582832547203
-0.7578582832546605 2.6355539286049484e-13 1.5157165665103176 1.52510765588839e-13 -0.757858283254668
0.757858283254653 0.7578582832548089 1.52510765588839e-13 1.5157165665094992 0.757858283254691
0.7578582832546722 0.7578582832547203 -0.757858283254668 0.757858283254691 1.515716566509541

Energy at Q: 0.34875165113193185

# Matrix 24
1.6493848884661142 0.6597539553864464 0.6597539553864458 -0.6597539553864464 0.6597539553864482
0.6597539553864464 1.3195079107728962 4.452320411056293e-16 4.178853619617259e-16 -9.547600168364235e-17
0.6597539553864458 4.452320411056293e-16 1.3195079107728944 1.7574540499466555e-15 6.92200520784938e-17
-0.6597539553864464 4.178853619617259e-16 1.7574540499466555e-15 1.3195079107728953 -3.1099562697747404e-15
0.6597539553864482 -9.547600168364235e-17 6.92200520784938e-17 -3.1099562697747404e-15 1.3195079107728933

Energy at Q: 0.3487516511319248

# Matrix 25
1.5157165665103018 0.7578582832551444 0.7578582832551487 0.7578582832551505 -0.7578582832551468
0.7578582832551444 1.5157165665103771 0.7578582832551278 2.5223430452026983e-15 6.3526731314541446e-15
0.7578582832551487 0.7578582832551278 1.5157165665103842 0.7578582832551501 -0.7578582832551546
0.7578582832551505 2.5223430452026983e-15 0.7578582832551501 1.515716566510301 -0.7578582832551495
-0.7578582832551468 6.3526731314541446e-15 -0.7578582832551546 -0.7578582832551495 1.5157165665103056

Energy at Q: 0.34875165113194173

# Matrix 26
1.515716566510425 5.02325018842689e-15 -0.7578582832551816 0.7578582832551656 0.7578582832551949
5.02325018842689e-15 1.5157165665103551 -0.7578582832551696 2.3287667184091826e-14 0.7578582832551667
-0.7578582832551816 -0.7578582832551696 1.5157165665103416 -0.7578582832551654 -0.7578582832552094
0.7578582832551656 2.3287667184091826e-14 -0.7578582832551654 1.515716566510361 3.3362374313968834e-14
0.7578582832551949 0.7578582832551667 -0.7578582832552094 3.3362374313968834e-14 1.5157165665103505

Energy at Q: 0.34875165113187534

# Matrix 27
1.3195079107729664 0.6597539553864488 0.6597539553864801 0.6597539553864717 -3.009734814477626e-14
0.6597539553864488 1.6493848884661044 0.9896309330796422 0.9896309330796312 0.6597539553863431
0.6597539553864801 0.9896309330796422 1.649384888466083 0.32987697769320434 0.6597539553862938
0.6597539553864717 0.9896309330796312 0.32987697769320434 1.6493848884660764 0.6597539553863131
-3.009734814477626e-14 0.6597539553863431 0.6597539553862938 0.6597539553863131 1.319507910772663

Energy at Q: 0.34875165113191964

# Matrix 28
1.51571656651036 0.757858283255173 -0.7578582832551797 0.7578582832551799 0.7578582832551788
0.757858283255173 1.515716566510374 -0.7578582832551711 0.7578582832552063 -2.039119885636742e-14
-0.7578582832551797 -0.7578582832551711 1.5157165665104042 2.8181246299143803e-15 -0.7578582832551792
0.7578582832551799 0.7578582832552063 2.8181246299143803e-15 1.5157165665103953 -1.033979659579948e-14
0.7578582832551788 -2.039119885636742e-14 -0.7578582832551792 -1.033979659579948e-14 1.5157165665103776

Energy at Q: 0.3487516511319415

# Matrix 29
1.5157165665103949 0.7578582832551894 -0.7578582832551941 0.757858283255196 0.7578582832551957
0.7578582832551894 1.5157165665103847 -0.7578582832551926 0.757858283255194 0.7578582832551944
-0.7578582832551941 -0.7578582832551926 1.5157165665103935 -4.691490795510358e-15 -0.7578582832552029
0.757858283255196 0.757858283255194 -4.691490795510358e-15 1.515716566510396 0.7578582832551966
0.7578582832551957 0.7578582832551944 -0.7578582832552029 0.7578582832551966 1.5157165665103982

Energy at Q: 0.348751651131921

# Matrix 30
1.5157165665103884 0.7578582832551847 0.7578582832551932 0.7578582832551879 -0.7578582832551829
0.7578582832551847 1.5157165665103856 0.7578582832551973 -1.1197429012693565e-14 -0.7578582832551828
0.7578582832551932 0.7578582832551973 1.5157165665103978 -5.5689179721452506e-15 5.493101944483978e-15
0.7578582832551879 -1.1197429012693565e-14 -5.5689179721452506e-15 1.515716566510391 -0.7578582832551874
-0.7578582832551829 -0.7578582832551828 5.493101944483978e-15 -0.7578582832551874 1.515716566510384

Energy at Q: 0.34875165113193995

# Matrix 31
1.5157165665135355 1.1244545426052097e-13 -0.7578582832543966 -1.1016769687144664e-13 0.7578582832544092
1.1244545426052097e-13 1.51571656650806 0.7578582832535362 -0.7578582832535371 -0.7578582832535484
-0.7578582832543966 0.7578582832535362 1.5157165665080703 -0.7578582832535607 -0.7578582832535452
-1.1016769687144664e-13 -0.7578582832535371 -0.7578582832535607 1.5157165665080337 -9.723662882583193e-13
0.7578582832544092 -0.7578582832535484 -0.7578582832535452 -9.723662882583193e-13 1.5157165665080918

Energy at Q: 0.34875165113191975

# Matrix 32
1.6493848884661202 0.659753955386446 0.6597539553864495 0.6597539553864493 0.6597539553864454
0.659753955386446 1.3195079107728935 1.893790402262101e-15 1.096841697535477e-15 -2.5661933747735533e-15
0.6597539553864495 1.893790402262101e-15 1.3195079107728938 1.7653697457528796e-15 6.002126686305066e-16
0.6597539553864493 1.096841697535477e-15 1.7653697457528796e-15 1.3195079107728958 -3.0325243501184855e-16
0.6597539553864454 -2.5661933747735533e-15 6.002126686305066e-16 -3.0325243501184855e-16 1.3195079107728902

Energy at Q: 0.34875165113190637

# Matrix 33
1.5157165665071783 0.7578582832515999 0.7578582832528674 -0.7578582832516007 -0.7578582832528663
0.7578582832515999 1.5157165665114114 0.7578582832515057 -0.7578582832581138 1.806928544757581e-12
0.7578582832528674 0.7578582832515057 1.5157165665064103 -0.7578582832515016 -0.7578582832530294
-0.7578582832516007 -0.7578582832581138 -0.7578582832515016 1.5157165665115422 0.7578582832515194
-0.7578582832528663 1.806928544757581e-12 -0.7578582832530294 0.7578582832515194 1.5157165665063561

Energy at Q: 0.34875165113194784

# Matrix 34
1.649384888466115 -0.6597539553864452 0.6597539553864414 0.6597539553864535 0.6597539553864418
-0.6597539553864452 1.319507910772898 6.154045397184225e-15 -5.918699321005245e-15 5.189040732033908e-15
0.6597539553864414 6.154045397184225e-15 1.3195079107728889 -5.369551198908499e-16 5.079880055075149e-15
0.6597539553864535 -5.918699321005245e-15 -5.369551198908499e-16 1.3195079107728944 1.5068469834725546e-15
0.6597539553864418 5.189040732033908e-15 5.079880055075149e-15 1.5068469834725546e-15 1.3195079107728875

Energy at Q: 0.34875165113188683

# Matrix 35
1.5157165665114838 -0.757858283254866 0.757858283254954 -0.757858283255545 0.757858283254956
-0.757858283254866 1.5157165665098224 -1.0917609601488347e-14 0.757858283254875 -0.7578582832549361
0.757858283254954 -1.0917609601488347e-14 1.5157165665098782 2.0496556248153366e-14 0.7578582832549655
-0.757858283255545 0.757858283254875 2.0496556248153366e-14 1.5157165665097783 1.673413516845116e-14
0.757858283254956 -0.7578582832549361 0.7578582832549655 1.673413516845116e-14 1.515716566509893

Energy at Q: 0.34875165113190754

# Matrix 36
1.5157165665103944 -1.4211923317741477e-15 0.757858283255192 -0.7578582832551922 0.7578582832551921
-1.4211923317741477e-15 1.5157165665103938 -0.7578582832551936 -0.7578582832551929 0.7578582832551922
0.757858283255192 -0.7578582832551936 1.515716566510389 2.9414836596203595e-16 3.6499254962683564e-16
-0.7578582832551922 -0.7578582832551929 2.9414836596203595e-16 1.515716566510389 -0.7578582832551892
0.7578582832551921 0.7578582832551922 3.6499254962683564e-16 -0.7578582832551892 1.5157165665103873

Energy at Q: 0.3487516511319446

# Matrix 37
1.649384888466125 0.6597539553864522 0.6597539553864533 -0.6597539553864482 -0.6597539553864483
0.6597539553864522 1.319507910772894 5.61538163926226e-15 -1.9645266207926074e-15 -1.9496071726603829e-16
0.6597539553864533 5.61538163926226e-15 1.3195079107728949 -5.3832860031941845e-15 -1.07852000208688e-15
-0.6597539553864482 -1.9645266207926074e-15 -5.3832860031941845e-15 1.3195079107728933 -1.8916698734990113e-15
-0.6597539553864483 -1.9496071726603829e-16 -1.07852000208688e-15 -1.8916698734990113e-15 1.3195079107728949

Energy at Q: 0.34875165113191503

# Matrix 38
1.515716566510392 0.7578582832551839 0.7578582832551882 0.757858283255192 0.7578582832551874
0.7578582832551839 1.515716566510387 0.7578582832551894 0.757858283255188 0.7578582832551869
0.7578582832551882 0.7578582832551894 1.5157165665103867 -2.0119628030406134e-15 -3.2297274449719443e-15
0.757858283255192 0.757858283255188 -2.0119628030406134e-15 1.5157165665103873 0.7578582832551859
0.7578582832551874 0.7578582832551869 -3.2297274449719443e-15 0.7578582832551859 1.5157165665103842

Energy at Q: 0.34875165113195267

# Matrix 39
1.3195079107728935 1.774869118897038e-15 -0.659753955386446 0.6597539553864463 0.6597539553864459
1.774869118897038e-15 1.319507910772899 -0.6597539553864478 0.6597539553864475 -0.6597539553864481
-0.659753955386446 -0.6597539553864478 1.6493848884661104 -0.9896309330796693 -0.32987697769322244
0.6597539553864463 0.6597539553864475 -0.9896309330796693 1.6493848884661173 -0.32987697769322305
0.6597539553864459 -0.6597539553864481 -0.32987697769322244 -0.32987697769322305 1.6493848884661182

Energy at Q: 0.3487516511319127

# Matrix 40
1.3195079107728926 0.6597539553864455 -2.212368216537765e-15 -0.6597539553864432 0.6597539553864455
0.6597539553864455 1.6493848884661182 0.6597539553864455 -0.9896309330796672 0.9896309330796701
-2.212368216537765e-15 0.6597539553864455 1.3195079107728949 -0.6597539553864467 0.6597539553864429
-0.6597539553864432 -0.9896309330796672 -0.6597539553864467 1.6493848884661135 -0.3298769776932204
0.6597539553864455 0.9896309330796701 0.6597539553864429 -0.3298769776932204 1.6493848884661138

Energy at Q: 0.34875165113191814

# Matrix 41
1.5157165665103736 0.7578582832551802 -0.7578582832551868 -0.7578582832551726 0.7578582832551777
0.7578582832551802 1.5157165665103602 2.4195085296745334e-15 -0.757858283255176 2.084053308537577e-15
-0.7578582832551868 2.4195085296745334e-15 1.5157165665104009 -9.007708777519629e-15 6.670838707117124e-15
-0.7578582832551726 -0.757858283255176 -9.007708777519629e-15 1.5157165665103887 -0.7578582832552104
0.7578582832551777 2.084053308537577e-15 6.670838707117124e-15 -0.7578582832552104 1.5157165665103924

Energy at Q: 0.34875165113194334

# Matrix 42
1.3195079107700394 2.6988920658606446e-12 0.6597539553845597 0.6597539553822296 0.6597539553840309
2.6988920658606446e-12 1.3195079107746748 -0.6597539553858963 0.6597539553854314 0.6597539553863322
0.6597539553845597 -0.6597539553858963 1.6493848884644255 -0.3298769776947376 0.32987697769388313
0.6597539553822296 0.6597539553854314 -0.3298769776947376 1.6493848884629991 0.9896309330751131
0.6597539553840309 0.6597539553863322 0.32987697769388313 0.9896309330751131 1.6493848884628486

Energy at Q: 0.3487516511319229

# Matrix 43
1.515716566507805 -0.7578582832538682 -0.7578582832538735 -0.757858283253875 -0.7578582832538968
-0.7578582832538682 1.5157165665151275 0.7578582832593159 0.7578582832613063 0.7578582832558803
-0.7578582832538735 0.7578582832593159 1.515716566510432 0.7578582832593137 2.7717417748251275e-12
-0.757858283253875 0.7578582832613063 0.7578582832593137 1.5157165665152565 0.7578582832558779
-0.7578582832538968 0.7578582832558803 2.7717417748251275e-12 0.7578582832558779 1.5157165665070131

Energy at Q: 0.3487516511319423

# Matrix 44
1.5157165665104924 0.7578582832542593 -0.757858283254358 -0.757858283254723 0.7578582832543508
0.7578582832542593 1.5157165665104801 1.8709061266043264e-12 -0.7578582832547213 0.7578582832543433
-0.757858283254358 1.8709061266043264e-12 1.5157165665094285 -1.38311803511294e-12 -0.7578582832531842
-0.757858283254723 -0.7578582832547213 -1.38311803511294e-12 1.5157165665094126 -0.757858283254854
0.7578582832543508 0.7578582832543433 -0.7578582832531842 -0.757858283254854 1.5157165665094186

Energy at Q: 0.3487516511319579

# Matrix 45
1.5157165665104047 2.987297948814672e-15 0.757858283255187 -0.7578582832551988 0.7578582832551999
2.987297948814672e-15 1.5157165665103844 -0.7578582832551886 -0.7578582832551933 -0.757858283255189
0.757858283255187 -0.7578582832551886 1.5157165665103822 1.8456577618065117e-15 0.75785828325519
-0.7578582832551988 -0.7578582832551933 1.8456577618065117e-15 1.5157165665103904 -3.813879386090073e-15
0.7578582832551999 -0.757858283255189 0.75785828325519 -3.813879386090073e-15 1.515716566510394

Energy at Q: 0.34875165113193934

# Matrix 46
1.515716566510386 0.7578582832551916 -0.7578582832551864 0.7578582832551883 0.7578582832551848
0.7578582832551916 1.515716566510393 1.5970234684927937e-14 -1.3250961537687764e-14 0.7578582832551836
-0.7578582832551864 1.5970234684927937e-14 1.5157165665103924 -0.7578582832552005 -0.7578582832551832
0.7578582832551883 -1.3250961537687764e-14 -0.7578582832552005 1.515716566510401 0.7578582832551886
0.7578582832551848 0.7578582832551836 -0.7578582832551832 0.7578582832551886 1.515716566510379

Energy at Q: 0.34875165113183915

# Matrix 47
1.5157165665105075 0.7578582832550669 0.7578582832552514 0.7578582832550589 0.7578582832550601
0.7578582832550669 1.5157165665101442 -1.8917297806096945e-13 0.7578582832549032 0.7578582832549211
0.7578582832552514 -1.8917297806096945e-13 1.5157165665104868 -1.9593951757904052e-13 0.7578582832550387
0.7578582832550589 0.7578582832549032 -1.9593951757904052e-13 1.515716566510151 0.7578582832549099
0.7578582832550601 0.7578582832549211 0.7578582832550387 0.7578582832549099 1.5157165665101633

Energy at Q: 0.3487516511319291

# Matrix 48
1.3195079107729013 -0.6597539553864498 -2.066708679318774e-15 -6.8866813551604005e-15 -0.6597539553864464
-0.6597539553864498 1.6493848884661233 0.6597539553864487 0.6597539553864523 -0.3298769776932251
-2.066708679318774e-15 0.6597539553864487 1.319507910772891 -3.689489139857107e-15 -0.6597539553864424
-6.8866813551604005e-15 0.6597539553864523 -3.689489139857107e-15 1.3195079107728904 -0.6597539553864394
-0.6597539553864464 -0.3298769776932251 -0.6597539553864424 -0.6597539553864394 1.6493848884661126

Energy at Q: 0.3487516511318708

# Matrix 49
1.5157165665103105 -0.7578582832549905 -0.7578582832550241 0.7578582832550226 -0.7578582832550406
-0.7578582832549905 1.5157165665103 0.7578582832549928 -0.7578582832550007 -2.869348847117684e-13
-0.7578582832550241 0.7578582832549928 1.5157165665103354 -0.7578582832550247 0.7578582832550398
0.7578582832550226 -0.7578582832550007 -0.7578582832550247 1.5157165665100796 -0.7578582832550342
-0.7578582832550406 -2.869348847117684e-13 0.7578582832550398 -0.7578582832550342 1.5157165665103387

Energy at Q: 0.34875165113195117

# Matrix 50
1.515716566510378 -2.0749022924550288e-14 -0.7578582832551736 1.4898609130242238e-14 -0.7578582832551738
-2.0749022924550288e-14 1.5157165665103836 -0.7578582832551766 -0.7578582832551913 -0.7578582832551777
-0.7578582832551736 -0.7578582832551766 1.5157165665103753 -1.63107346155595e-14 0.757858283255171
1.4898609130242238e-14 -0.7578582832551913 -1.63107346155595e-14 1.5157165665104004 0.7578582832551884
-0.7578582832551738 -0.7578582832551777 0.757858283255171 0.7578582832551884 1.5157165665103771

Energy at Q: 0.34875165113194084

# Matrix 51
1.319507910772896 0.6597539553864458 -3.570871813786921e-15 -4.336058631026976e-15 0.659753955386448
0.6597539553864458 1.6493848884661229 0.6597539553864481 -0.6597539553864489 -0.3298769776932258
-3.570871813786921e-15 0.6597539553864481 1.3195079107728924 -3.5304895177234216e-15 -0.6597539553864519
-4.336058631026976e-15 -0.6597539553864489 -3.5304895177234216e-15 1.3195079107728915 0.6597539553864448
0.659753955386448 -0.3298769776932258 -0.6597539553864519 0.6597539553864448 1.6493848884661166

Energy at Q: 0.34875165113192225

# Matrix 52
1.6493848884661366 0.6597539553864595 -0.6597539553864492 -0.6597539553864539 -0.6597539553864602
0.6597539553864595 1.319507910772894 -6.915160648875268e-16 -6.8579420605688926e-15 -1.1008397440119877e-14
-0.6597539553864492 -6.915160648875268e-16 1.3195079107728944 1.8789293669840002e-15 4.209532070595789e-15
-0.6597539553864539 -6.8579420605688926e-15 1.8789293669840002e-15 1.319507910772893 8.527009484963533e-15
-0.6597539553864602 -1.1008397440119877e-14 4.209532070595789e-15 8.527009484963533e-15 1.3195079107728933

Energy at Q: 0.3487516511319207

# Matrix 53
1.515716566510034 -0.7578582832548827 0.7578582832548468 -0.7578582832548911 -0.7578582832548434
-0.7578582832548827 1.515716566510473 -0.7578582832549153 0.7578582832556221 2.8659041166259456e-15
0.7578582832548468 -0.7578582832549153 1.5157165665102361 -0.7578582832549184 -0.7578582832548516
-0.7578582832548911 0.7578582832556221 -0.7578582832549184 1.5157165665104742 0.7578582832548598
-0.7578582832548434 2.8659041166259456e-15 -0.7578582832548516 0.7578582832548598 1.5157165665097039

Energy at Q: 0.3487516511319229

# Matrix 54
1.5157165665103933 0.7578582832551809 -0.7578582832551879 0.7578582832551867 0.7578582832551822
0.7578582832551809 1.515716566510372 1.6463057840288267e-14 0.7578582832551781 0.7578582832551838
-0.7578582832551879 1.6463057840288267e-14 1.5157165665103982 -0.7578582832551898 7.361338197671436e-15
0.7578582832551867 0.7578582832551781 -0.7578582832551898 1.5157165665103853 -9.332314888420039e-15
0.7578582832551822 0.7578582832551838 7.361338197671436e-15 -9.332314888420039e-15 1.5157165665103793

Energy at Q: 0.3487516511319563

# Matrix 55
1.5157165665103849 -0.7578582832551871 -0.7578582832551841 0.7578582832551859 -0.7578582832551909
-0.7578582832551871 1.5157165665103896 0.7578582832551906 -0.7578582832551959 -1.231210158058586e-14
-0.7578582832551841 0.7578582832551906 1.5157165665103953 -0.757858283255199 0.7578582832551889
0.7578582832551859 -0.7578582832551959 -0.757858283255199 1.515716566510395 5.495130654389033e-15
-0.7578582832551909 -1.231210158058586e-14 0.7578582832551889 5.495130654389033e-15 1.5157165665103947

Energy at Q: 0.34875165113194595

# Matrix 56
1.5157165665103025 -0.7578582832550864 0.7578582832550849 -0.7578582832550653 -0.7578582832550562
-0.7578582832550864 1.5157165665103367 -0.7578582832550889 -1.5226907033757044e-13 -1.5102074505592447e-13
0.7578582832550849 -0.7578582832550889 1.5157165665103278 -0.7578582832550876 -0.7578582832550849
-0.7578582832550653 -1.5226907033757044e-13 -0.7578582832550876 1.51571656651031 0.7578582832550564
-0.7578582832550562 -1.5102074505592447e-13 -0.7578582832550849 0.7578582832550564 1.5157165665102943

Energy at Q: 0.3487516511319499

# Matrix 57
1.5157165665084915 0.7578582832538557 -0.7578582832540293 0.7578582832541084 -0.7578582832542147
0.7578582832538557 1.5157165665141188 -0.7578582832579652 0.7578582832563088 4.317479689319455e-14
-0.7578582832540293 -0.7578582832579652 1.5157165665097727 -2.2786749534591385e-12 -4.8679539306560904e-14
0.7578582832541084 0.7578582832563088 -2.2786749534591385e-12 1.515716566508161 1.3295721197766269e-14
-0.7578582832542147 4.317479689319455e-14 -4.8679539306560904e-14 1.3295721197766269e-14 1.5157165665080994

Energy at Q: 0.3487516511319485

# Matrix 58
1.515716566510388 1.7821544583394265e-15 0.7578582832551927 0.7578582832551926 0.7578582832551893
1.7821544583394265e-15 1.5157165665103804 0.7578582832551902 -0.757858283255185 3.4027816783114532e-15
0.7578582832551927 0.7578582832551902 1.515716566510394 1.0361335429651886e-15 0.757858283255193
0.7578582832551926 -0.757858283255185 1.0361335429651886e-15 1.5157165665103909 0.7578582832551922
0.7578582832551893 3.4027816783114532e-15 0.757858283255193 0.7578582832551922 1.5157165665103909

Energy at Q: 0.3487516511319339

# Matrix 59
1.515716566511088 0.7578582832554842 -0.7578582832554461 -0.7578582832554396 -0.7578582832555114
0.7578582832554842 1.5157165665098333 -0.7578582832540502 1.493622270905027e-13 -8.283230166300694e-13
-0.7578582832554461 -0.7578582832540502 1.5157165665092753 0.7578582832552974 9.459008804584933e-13
-0.7578582832554396 1.493622270905027e-13 0.7578582832552974 1.5157165665109815 0.7578582832554905
-0.7578582832555114 -8.283230166300694e-13 9.459008804584933e-13 0.7578582832554905 1.5157165665101098

Energy at Q: 0.34875165113190465

# Matrix 60
1.5157165665104078 -0.757858283255197 -0.7578582832551952 -0.7578582832551914 0.7578582832551973
-0.757858283255197 1.5157165665103882 5.820126130351035e-15 0.7578582832551916 -8.772468786453455e-15
-0.7578582832551952 5.820126130351035e-15 1.515716566510382 0.7578582832551835 -0.7578582832551966
-0.7578582832551914 0.7578582832551916 0.7578582832551835 1.5157165665103784 -9.589835044939373e-16
0.7578582832551973 -8.772468786453455e-15 -0.7578582832551966 -9.589835044939373e-16 1.5157165665103909

Energy at Q: 0.34875165113193435

# Matrix 61
1.5157165665104055 0.7578582832551857 0.757858283255192 -0.7578582832551986 -0.7578582832551989
0.7578582832551857 1.5157165665103889 -9.992236111833646e-15 -0.7578582832551836 1.572806818107068e-14
0.757858283255192 -9.992236111833646e-15 1.5157165665103702 -0.7578582832551837 -0.7578582832552018
-0.7578582832551986 -0.7578582832551836 -0.7578582832551837 1.5157165665103969 0.7578582832551988
-0.7578582832551989 1.572806818107068e-14 -0.7578582832552018 0.7578582832551988 1.5157165665103896

Energy at Q: 0.34875165113195133

# Matrix 62
1.6493848884672133 -0.6597539553862118 -0.659753955395154 0.6597539553867086 -0.6597539553879136
-0.6597539553862118 1.3195079107741587 1.6044594089914802e-12 -7.672356799667463e-12 -3.2500885976115773e-12
-0.659753955395154 1.6044594089914802e-12 1.3195079107762426 -2.4664236732401304e-12 1.2664368506474228e-11
0.6597539553867086 -7.672356799667463e-12 -2.4664236732401304e-12 1.3195079107737568 2.170665139135275e-12
-0.6597539553879136 -3.2500885976115773e-12 1.2664368506474228e-11 2.170665139135275e-12 1.31950791076664

Energy at Q: 0.34875165113191825

# Matrix 63
1.515716566509998 -0.7578582832546821 -0.757858283254737 0.7578582832549752 0.7578582832548414
-0.7578582832546821 1.5157165665100671 0.7578582832548187 3.5424417719405194e-13 3.892929822925773e-13
-0.757858283254737 0.7578582832548187 1.5157165665102081 3.167135904219556e-13 -0.7578582832549293
0.7578582832549752 3.5424417719405194e-13 3.167135904219556e-13 1.515716566510277 -2.2397938394814541e-13
0.7578582832548414 3.892929822925773e-13 -0.7578582832549293 -2.2397938394814541e-13 1.51571656651027

Energy at Q: 0.3487516511319457

# Matrix 64
1.5157165665210446 -0.7578582832540661 0.757858283257833 0.7578582832592269 -0.7578582832595938
-0.7578582832540661 1.5157165665081398 -0.7578582832541995 3.755433291937967e-12 0.7578582832573787
0.757858283257833 -0.7578582832541995 1.5157165665022512 0.7578582832490355 -0.7578582832487033
0.7578582832592269 3.755433291937967e-12 0.7578582832490355 1.5157165665076493 -0.757858283246693
-0.7578582832595938 0.7578582832573787 -0.7578582832487033 -0.757858283246693 1.515716566509196

Energy at Q: 0.34875165113193957

# Matrix 65
1.5157165665100394 0.7578582832548859 0.7578582832550015 -0.7578582832548775 0.7578582832549632
0.7578582832548859 1.5157165665103316 0.7578582832551273 -0.7578582832551212 0.7578582832551638
0.7578582832550015 0.7578582832551273 1.5157165665105652 -0.7578582832552271 -9.258425640401629e-14
-0.7578582832548775 -0.7578582832551212 -0.7578582832552271 1.515716566510352 -0.7578582832550416
0.7578582832549632 0.7578582832551638 -9.258425640401629e-14 -0.7578582832550416 1.515716566510183

Energy at Q: 0.3487516511319411

# Matrix 66
1.5157165665103927 0.7578582832551909 -0.7578582832551899 0.7578582832551901 0.7578582832551963
0.7578582832551909 1.515716566510387 -0.7578582832551995 -8.800914511832906e-16 0.757858283255199
-0.7578582832551899 -0.7578582832551995 1.515716566510396 -0.7578582832551841 -0.7578582832551998
0.7578582832551901 -8.800914511832906e-16 -0.7578582832551841 1.5157165665103827 -5.05293094317381e-15
0.7578582832551963 0.757858283255199 -0.7578582832551998 -5.05293094317381e-15 1.5157165665104038

Energy at Q: 0.3487516511319077

# Matrix 67
1.5157165665103847 -0.7578582832551816 0.75785828325519 -0.7578582832551845 0.7578582832551886
-0.7578582832551816 1.5157165665103816 7.391142543339414e-15 0.7578582832551822 -0.7578582832551901
0.75785828325519 7.391142543339414e-15 1.5157165665103915 6.357096259044683e-15 0.7578582832551926
-0.7578582832551845 0.7578582832551822 6.357096259044683e-15 1.5157165665103847 -0.7578582832551897
0.7578582832551886 -0.7578582832551901 0.7578582832551926 -0.7578582832551897 1.515716566510398

Energy at Q: 0.3487516511319444

# Matrix 68
1.515716566510389 -0.7578582832551854 -0.757858283255189 0.7578582832551871 0.7578582832551839
-0.7578582832551854 1.5157165665103902 0.7578582832551946 1.3054635147632684e-14 -0.7578582832551969
-0.757858283255189 0.7578582832551946 1.5157165665103969 -0.7578582832551878 -0.7578582832551998
0.7578582832551871 1.3054635147632684e-14 -0.7578582832551878 1.515716566510388 -8.050348469673443e-15
0.7578582832551839 -0.7578582832551969 -0.7578582832551998 -8.050348469673443e-15 1.51571656651039

Energy at Q: 0.34875165113194095

# Matrix 69
1.5157165665103134 0.7578582832548857 -0.757858283254994 0.7578582832549935 -0.757858283255021
0.7578582832548857 1.5157165665099601 -0.7578582832548771 0.7578582832549055 2.1869308479283722e-13
-0.757858283254994 -0.7578582832548771 1.5157165665102248 -0.757858283255018 0.7578582832550218
0.7578582832549935 0.7578582832549055 -0.757858283255018 1.515716566510412 -0.7578582832550124
-0.757858283255021 2.1869308479283722e-13 0.7578582832550218 -0.7578582832550124 1.5157165665101178

Energy at Q: 0.3487516511318822

# Matrix 70
1.5157165665103831 0.7578582832551903 -0.7578582832551881 -0.7578582832551773 0.7578582832551873
0.7578582832551903 1.5157165665103882 1.4499015232153585e-15 -0.7578582832551892 -4.265110469456321e-15
-0.7578582832551881 1.4499015232153585e-15 1.5157165665103929 0.7578582832551882 -0.7578582832551913
-0.7578582832551773 -0.7578582832551892 0.7578582832551882 1.5157165665103856 -0.7578582832551853
0.7578582832551873 -4.265110469456321e-15 -0.7578582832551913 -0.7578582832551853 1.5157165665103915

Energy at Q: 0.3487516511319424

# Matrix 71
1.3195079107723808 1.1018892856691785e-12 -0.6597539553796787 0.6597539553829815 0.6597539553840266
1.1018892856691785e-12 1.3195079107771754 0.6597539553864972 -0.6597539553874948 -0.6597539553876389
-0.6597539553796787 0.6597539553864972 1.6493848884523636 -0.9896309330723767 -0.9896309330736273
0.6597539553829815 -0.6597539553874948 -0.9896309330723767 1.6493848884639402 0.3298769776896902
0.6597539553840266 -0.6597539553876389 -0.9896309330736273 0.3298769776896902 1.649384888465933

Energy at Q: 0.34875165113192097

# Matrix 72
1.5157165665103836 0.7578582832551851 0.7578582832551841 0.757858283255191 -0.7578582832551851
0.7578582832551851 1.5157165665103849 0.7578582832551842 -5.245742379852631e-15 9.726672494577053e-15
0.7578582832551841 0.7578582832551842 1.5157165665103867 -7.968079873136678e-15 -0.7578582832551862
0.757858283255191 -5.245742379852631e-15 -7.968079873136678e-15 1.515716566510394 -0.7578582832551924
-0.7578582832551851 9.726672494577053e-15 -0.7578582832551862 -0.7578582832551924 1.51571656651039

Energy at Q: 0.3487516511319553

# Matrix 73
1.5157165665102779 -0.7578582832550398 -0.7578582832550953 -0.7578582832550391 -0.7578582832550608
-0.7578582832550398 1.5157165665101606 1.902453034328828e-15 0.7578582832551104 0.7578582832550702
-0.7578582832550953 1.902453034328828e-15 1.5157165665104435 0.7578582832550373 -1.0928680211363916e-13
-0.7578582832550391 0.7578582832551104 0.7578582832550373 1.5157165665101624 0.7578582832550557
-0.7578582832550608 0.7578582832550702 -1.0928680211363916e-13 0.7578582832550557 1.5157165665102832

Energy at Q: 0.34875165113193723

# Matrix 74
1.515716566510379 -0.7578582832551893 0.7578582832551859 -0.7578582832551882 0.7578582832551816
