# Matrix 1
1.1113524013170888 -0.5228361123273008
-0.5228361123273008 1.145773022890346

# Matrix 2
1.098349940717435 -0.4583380426925545
-0.4583380426925545 1.1017196947166306

# Matrix 3
1.1186497260836372 -0.4935435777257466
-0.4935435777257466 1.1116842333373547

# Matrix 4
1.1504314623395187 0.5401452504697021
0.5401452504697021 1.122845587844111

# Matrix 5
1.1109986076529965 0.465723083105375
0.465723083105375 1.095319095590852

# Matrix 6
1.1212069461404008 -0.502889610373987
-0.502889610373987 1.1174546898188846

# Matrix 7
1.1106185821842016 0.4850202674217432
0.4850202674217432 1.1122132112903798

# Matrix 8
1.114576524248822 -0.48989926958885766
-0.48989926958885766 1.112531322314908

# Matrix 9
1.166567653833473 0.5319137985431925
0.5319137985431925 1.0997495814878695

# Matrix 10
1.1178944527991266 0.5095076746620021
0.5095076746620021 1.1267593889436862

# Matrix 11
1.101430769651381 0.47171236275344786
0.47171236275344786 1.109931360970952

# Matrix 12
1.1014131341336888 -0.4597808414682876
-0.4597808414682876 1.099858340743418

# Matrix 13
1.1785231601702166 0.5670740912436975
0.5670740912436975 1.1213806139957299

# Matrix 14
1.1042578215391454 -0.4608723757370912
-0.4608723757370912 1.097935032081248

# Matrix 15
1.101378081716135 0.466860649049373
0.466860649049373 1.1058499218842397

# Matrix 16
1.1478994533779476 0.5165638853192354
0.5165638853192354 1.1036142964335012

# Matrix 17
1.166700672536515 -0.5662405959703793
-0.5662405959703793 1.131934217243333

# Matrix 18
1.156763148711626 -0.5297896311298074
-0.5297896311298074 1.107121241439134

# Matrix 19
1.1017932962092691 -0.4729402729336079
-0.4729402729336079 1.1106189391173216

# Matrix 20
1.1237701153267616 -0.5302965178841518
-0.5302965178841518 1.1401036381070824

# Matrix 21
1.12354531672261 -0.5237280936305485
-0.5237280936305485 1.1341697545186742

# Matrix 22
1.105865640999647 -0.5029195164532436
-0.5029195164532436 1.1329839662049546

# Matrix 23
1.164054969157515 0.5369470645071334
0.5369470645071334 1.1067451144641767

# Matrix 24
1.1093198600247145 -0.4691446625468395
-0.4691446625468395 1.099860156086095

# Matrix 25
1.127891907315729 -0.5037897992863907
-0.5037897992863907 1.1116350367731171

# Matrix 26
1.138929600471563 0.5411625495210165
0.5411625495210165 1.1351508508241348

# Matrix 27
1.1280734834685084 -0.48843069973627906
-0.48843069973627906 1.0979466910583109

# Matrix 28
1.22795337380672 0.6129242786919816
0.6129242786919816 1.1203000054842616

# Matrix 29
1.1122102986464926 0.49364251077985805
0.49364251077985805 1.118208426915796

# Matrix 30
1.124126140571648 0.5112824046682801
0.5112824046682801 1.1221246902789028

# Matrix 31
1.2417226065714668 -0.6124517079605236
-0.6124517079605236 1.1074108559403275

# Matrix 32
1.1136044449287557 0.4814085336190562
0.4814085336190562 1.1060966771913818

# Matrix 33
1.1048069134823215 0.5008570758856992
0.5008570758856992 1.1321958572128255

# Matrix 34
1.1340314774037512 -0.5082286475320164
-0.5082286475320164 1.1095779819559886

# Matrix 35
1.1648923278555385 0.5654632823662731
0.5654632823662731 1.1329362312257454

# Matrix 36
1.1031216321414303 0.49613760737491264
0.49613760737491264 1.1296601291669122

# Matrix 37
1.157267114069378 0.5450278093256413
0.5450278093256413 1.1207916453941067

# Matrix 38
1.1178884654389314 -0.4973839692435446
-0.4973839692435446 1.1158454992830467

# Matrix 39
1.142547376107423 -0.524455316458976
-0.524455316458976 1.1159741868263706

# Matrix 40
1.130010654515186 -0.5168902874869702
-0.5168902874869702 1.1213837358392211

# Matrix 41
1.125415352618628 -0.5241587003150088
-0.5241587003150088 1.1326861146418838

# Matrix 42
1.1481959416011132 -0.5257136723789132
-0.5257136723789132 1.111635060777405

# Matrix 43
1.119088865140426 0.5585245774531735
0.5585245774531735 1.1723373759550535

# Matrix 44
1.1631932536593672 0.5563630138980045
0.5563630138980045 1.1258144758954736

# Matrix 45
1.1204278455289303 0.5596706023792267
0.5596706023792267 1.1720801017289766

# Matrix 46
1.105439299521679 0.5217219950490354
0.5217219950490354 1.1508491155221465

# Matrix 47
1.1231211693748258 -0.5089577984048486
-0.5089577984048486 1.1210171038428038

# Matrix 48
1.1101135487575147 0.4679160749045271
0.4679160749045271 1.0980367319346325

# Matrix 49
1.1100932374514279 -0.4703739431392592
-0.4703739431392592 1.1001342996991377

# Matrix 50
1.179237718776562 0.5745615910260107
0.5745615910260107 1.1279498617652066

# Matrix 51
1.1155040287257005 0.4842166783819003
0.4842166783819003 1.1066439563050225

# Matrix 52
1.1895291205904877 -0.5546534749880607
-0.5546534749880607 1.0992925307008985

# Matrix 53
1.1246559021708584 0.484493698707186
0.484493698707186 1.0978772633510692

# Matrix 54
1.1088133250171432 0.5123830368645651
0.5123830368645651 1.1386374495878595

# Matrix 55
1.15673861793075 -0.5489384828562618
-0.5489384828562618 1.1250021723044443

# Matrix 56
1.1227885682418204 0.4999538908881453
0.4999538908881453 1.1132584783718487

# Matrix 57
1.1226339064858881 -0.5488849574755453
-0.5488849574755453 1.159126487294715

# Matrix 58
1.1804858163804164 0.5768545189328173
0.5768545189328173 1.1289937731735729

# Matrix 59
1.2143738867357765 -0.5935964841480512
-0.5935964841480512 1.1136247252714297

# Matrix 60
1.1656244696478313 -0.5557066162997488
-0.5557066162997488 1.1228400548203532

# Matrix 61
1.1068104811608441 -0.5165003595768427
-0.5165003595768427 1.1445253211863267

# Matrix 62
1.143133780073892 -0.5187117868785175
-0.5187117868785175 1.1101604553796602

# Matrix 63
1.1104655419072402 -0.5007933193949793
-0.5007933193949793 1.126368988093395

# Matrix 64
1.1279909338848935 0.5074139805430979
0.5074139805430979 1.1147863957733817

# Matrix 65
1.1243346099245972 -0.5605601840664195
-0.5605601840664195 1.16889376913223

# Matrix 66
1.1755430597593992 0.5667349936198263
0.5667349936198263 1.1238963490318041

# Matrix 67
1.1139794343576435 0.47981508822003616
0.47981508822003616 1.1043493990470186

# Matrix 68
1.1820376158615165 -0.5606969462582604
-0.5606969462582604 1.1119621303974874

# Matrix 69
1.1410074858180597 -0.5140097125125245
-0.5140097125125245 1.1079734359944355

# Matrix 70
1.10917124769211 -0.5163064299938914
-0.5163064299938914 1.141908728961769

# Matrix 71
1.132110310300637 0.4958160742030271
0.4958160742030271 1.1004524630707277

# Matrix 72
1.1011771342875158 0.4706082810813285
0.4706082810813285 1.10924220653441

# Matrix 73
1.117362477786428 0.5402118274918484
0.5402118274918484 1.1561412202791026

# Matrix 74
1.1036553374416957 -0.4647755923830112
-0.4647755923830112 1.1018080645482486

# Matrix 75
1.1067998132158736 0.4967979548587415
0.4967979548587415 1.1264983902817545

# Matrix 76
1.1305306718322994 -0.49385269047102043
-0.49385269047102043 1.1002713246774976

# Matrix 77
1.1319434466305947 -0.5256284095630169
-0.5256284095630169 1.1275167754527027

# Matrix 78
1.1042067450065118 -0.4922265843632596
-0.4922265843632596 1.125049286260785

# Matrix 79
1.098625723070845 -0.46152330233714495
-0.46152330233714495 1.1041101014908268

# Matrix 80
1.1156862486065682 -0.4713514093575729
-0.4713514093575729 1.0954443084960463

# Matrix 81
1.093928934278299 -0.45697917272239535
-0.45697917272239535 1.1050351868602413

# Matrix 82
1.0977064388619715 -0.46689906444330403
-0.46689906444330403 1.1095814812207605

# Matrix 83
1.1195993828647208 0.5055290663719949
0.5055290663719949 1.1214365211012693

# Matrix 84
1.100209432551145 0.45402039987949067
0.45402039987949067 1.0962772067041548

# Matrix 85
1.156511578886595 -0.5537387078460212
-0.5537387078460212 1.1297998052253884

# Matrix 86
1.1407407601958304 0.5169062010285769
0.5169062010285769 1.1108501290374309

# Matrix 87
1.1355691548692934 -0.5110730927876421
-0.5110730927876421 1.110628710513621

# Matrix 88
1.1063338198418264 -0.4730639716309659
-0.4730639716309659 1.106166601171272

# Matrix 89
1.1448757630900754 0.553704862442534
0.553704862442534 1.1412496594092953

# Matrix 90
1.0974716247533438 -0.480508612513306
-0.480508612513306 1.1215675184095115

# Matrix 91
1.1020344459005271 -0.4715299931050994
-0.4715299931050994 1.1091672669077595

# Matrix 92
1.120851174817579 0.49951865077821256
0.49951865077821256 1.1147946404915423

# Matrix 93
1.1992082897434182 0.5716071643398835
0.5716071643398835 1.1063422106667973

# Matrix 94
1.1222011677318764 0.5284041496759555
0.5284041496759555 1.1399123278228551

# Matrix 95
1.1268173524100689 -0.4880432583686952
-0.4880432583686952 1.0988348904912275

# Matrix 96
1.1365416765677858 0.5002160668997576
0.5002160668997576 1.1000178342426996

# Matrix 97
1.1034687484900674 0.4826926529356805
0.4826926529356805 1.117378447631844

# Matrix 98
1.1398335370928312 0.5082336315394044
0.5082336315394044 1.1039343757484574

# Matrix 99
1.1259414359837454 -0.4990581013920835
-0.4990581013920835 1.1093463200186398

# Matrix 100
1.1122977126054239 0.5008099356419754
0.5008099356419754 1.1245286018864913

# Matrix 101
1.1183645919677039 -0.4890578915966886
-0.4890578915966886 1.108026514996089

# Matrix 102
1.1105324074133365 0.4910609354180042
0.4910609354180042 1.1176088459989055

# Matrix 103
1.1041861472401084 -0.5005343906104951
-0.5005343906104951 1.1325397255793386

# Matrix 104
1.1169619511409785 0.49376307026783484
0.49376307026783484 1.1135580476038356

# Matrix 105
1.1041797312586425 -0.5045622569787588
-0.5045622569787588 1.1362127338974184

# Matrix 106
1.109853850228452 0.5079125494978072
0.5079125494978072 1.1334601917886946

# Matrix 107
1.1170904742228813 0.5091916295614061
0.5091916295614061 1.1272821178530164

# Matrix 108
1.1183008621447525 0.4985604388298568
0.4985604388298568 1.1164817567712881

# Matrix 109
1.1338892193412498 0.49645524685987685
0.49645524685987685 1.0992853542243355

# Matrix 110
1.1039996860711727 -0.5131770786224711
-0.5131770786224711 1.1443397402760203

# Matrix 111
1.1546090923996237 0.550465110848152
0.550465110848152 1.1285307268393487

# Matrix 112
1.1271095120268864 0.5117536465432303
0.5117536465432303 1.1195822422623578

# Matrix 113
1.1154752061587252 0.5116871358340392
0.5116871358340392 1.1311983610315162

# Matrix 114
1.1326797195215326 -0.5130369962563941
-0.5130369962563941 1.1152375537026373

# Matrix 115
1.1037897159233796 -0.48003883647022516
-0.48003883647022516 1.1147388553900055

# Matrix 116
1.1291419800441849 0.5615577575815905
0.5615577575815905 1.1649085219987951

# Matrix 117
1.1444417394513462 -0.5348409406340922
-0.5348409406340922 1.1237398877070879

# Matrix 118
1.2364547140357276 -0.6150388935311006
-0.6150388935311006 1.114697388355895

# Matrix 119
1.122315647702592 -0.48099816852341004
-0.48099816852341004 1.097159467252816

# Matrix 120
1.1103583095436043 -0.46496114995229154
-0.46496114995229154 1.095312081254972

# Matrix 121
1.1197646308976175 -0.4779751739903118
-0.4779751739903118 1.0970700744194068

# Matrix 122
1.1077403128345007 -0.46499736170224704
-0.46499736170224704 1.097931105601785

# Matrix 123
1.0960100522509186 -0.4682896007564907
-0.4682896007564907 1.1124853715278973

# Matrix 124
1.1223448226802377 0.4805946343595135
0.4805946343595135 1.0967852104805986

# Matrix 125
1.1409362449659943 0.5293679142449799
0.5293679142449799 1.1220875787588265

# Matrix 126
1.1176823902616742 -0.5148078837911455
-0.5148078837911455 1.1318306240087999

# Matrix 127
1.1300594546448117 -0.5012732650234507
-0.5012732650234507 1.1072646497352285

# Matrix 128
1.1907914405774815 0.5711482589942074
0.5711482589942074 1.1137217555989154

# Matrix 129
1.122746378537189 -0.5193333775865313
-0.5193333775865313 1.130894012528207

# Matrix 130
1.1645243375451093 -0.555242196125726
-0.555242196125726 1.1234577536751917

# Matrix 131
1.1078940394325263 0.4935421272106429
0.4935421272106429 1.122475423704402

# Matrix 132
1.137114500737254 0.5280700372303394
0.5280700372303394 1.1246518828062588

# Matrix 133
1.1572021989107482 -0.546530657281095
-0.546530657281095 1.122272115081135

# Matrix 134
1.1779517126883736 -0.5430360036943457
-0.5430360036943457 1.0992709525869058

# Matrix 135
1.1353910940112066 -0.5058403728854285
-0.5058403728854285 1.1061162003693445

# Matrix 136
1.1194190352372864 -0.4862007606142906
-0.4862007606142906 1.104493617405598

# Matrix 137
1.1100551263362854 -0.49247198090582
-0.49247198090582 1.1193395917896825

# Matrix 138
1.118453834412155 -0.4995279082715985
-0.4995279082715985 1.1171924067826495

# Matrix 139
1.1041643119166322 -0.4805561881669419
-0.4805561881669419 1.1148107547950532

# Matrix 140
1.1076895935344166 0.4925674890238711
0.4925674890238711 1.1218149366902688

# Matrix 141
1.1047562314053572 0.5440257472856813
0.5440257472856813 1.1730768986576812

