# Matrix 1
1.154680036839318 -0.5773242228076932
-0.5773242228076932 1.1546949940263371

# Matrix 2
1.1547058412836038 0.5773414016873581
0.5773414016873581 1.1546863681058057

# Matrix 3
1.154729066286691 0.5773561810325467
0.5773561810325467 1.154677922903736

# Matrix 4
1.1546733554945046 0.5773208491903247
0.5773208491903247 1.1546983019616264

# Matrix 5
1.154719342132237 0.5773499093992379
0.5773499093992379 1.1546813751480545

# Matrix 6
1.154709495093553 0.5773546264479442
0.5773546264479442 1.154695938975387

# Matrix 7
1.15465965907617 -0.5773160059900517
-0.5773160059900517 1.1547071557337152

# Matrix 8
1.1546927392309656 -0.5773365456238639
-0.5773365456238639 1.1546946140848655

# Matrix 9
1.1547346434498444 -0.5773372721350107
-0.5773372721350107 1.1546534377914917

# Matrix 10
1.1547058865931739 -0.5773226895711392
-0.5773226895711392 1.1546676113580798

# Matrix 11
1.1547626927956838 0.577363639177179
0.577363639177179 1.154651756730965

# Matrix 12
1.154738562017241 -0.5773318446874718
-0.5773318446874718 1.1546440923918253

# Matrix 13
1.154652331821423 0.5773180615039676
0.5773180615039676 1.1547165388177683

# Matrix 14
1.1547138196565356 -0.5773204894691126
-0.5773204894691126 1.154657478644743

# Matrix 15
1.1546474656597752 -0.5773131952160893
-0.5773131952160893 1.1547165390509535

# Matrix 16
1.1547001856385937 -0.5773040116652153
-0.5773040116652153 1.1546546354345617

# Matrix 17
1.154711774166113 0.5773540435919823
0.5773540435919823 1.154693077079686

# Matrix 18
1.1546849430938526 0.5773057243760837
0.5773057243760837 1.1546715901785394

# Matrix 19
1.1546967045019687 -0.5773474457681613
-0.5773474457681613 1.1547015488453285

# Matrix 20
1.154653490805621 0.5772998556267619
0.5772998556267619 1.1546971744539842

# Matrix 21
1.1547134372083778 0.5773449916084323
0.5773449916084323 1.1546823621960938

# Matrix 22
1.154736336471482 -0.577348107613289
-0.577348107613289 1.1546625798915218

# Matrix 23
1.154691828043696 0.5773376126823895
0.5773376126823895 1.1546965923165304

# Matrix 24
1.1546979587772248 -0.5773389530319849
-0.5773389530319849 1.1546918019150194

# Matrix 25
1.1547026692548685 -0.5773325473912928
-0.5773325473912928 1.1546806860139227

# Matrix 26
1.1547623316988145 0.5773472110361498
0.5773472110361498 1.1546356903846253

# Matrix 27
1.1547583561270596 0.57737737034423
0.57737737034423 1.1546698239600408

# Matrix 28
1.1547215140730371 -0.577347937319979
-0.577347937319979 1.1546772312439135

# Matrix 29
1.1546908538445801 -0.5773380974289759
-0.5773380974289759 1.1546980512607168

# Matrix 30
1.1546990415680651 -0.5773364085911566
-0.5773364085911566 1.1546881747423194

# Matrix 31
1.154720298347033 -0.5773377234579375
-0.5773377234579375 1.1546682333689142

# Matrix 32
1.1546507611658772 0.5773223851178594
0.5773223851178594 1.1547224331380594

# Matrix 33
1.1547472620339625 -0.5773601244429716
-0.5773601244429716 1.1546636715537746

# Matrix 34
1.1547036132235802 0.5773320056190588
0.5773320056190588 1.1546792003100466

# Matrix 35
1.154699025385446 0.577347260221871
0.577347260221871 1.154699042411183

# Matrix 36
1.154720244436803 -0.5773415968920285
-0.5773415968920285 1.1546721605735295

# Matrix 37
1.1547056119590258 0.5773507357332183
0.5773507357332183 1.1546959313635008

# Matrix 38
1.1546911208747845 0.5773419960772229
0.5773419960772229 1.1547016828399244

# Matrix 39
1.1547050778597094 -0.5773471059704098
-0.5773471059704098 1.1546928357185249

# Matrix 40
1.154707952390064 0.5773460984589142
0.5773460984589142 1.1546889537271736

# Matrix 41
1.1547031639525165 -0.5773414667382056
-0.5773414667382056 1.154689110447654

# Matrix 42
1.1546821090387616 -0.5773278481869187
-0.5773278481869187 1.1546965470886843

# Matrix 43
1.1547046445344777 0.5773508636836346
0.5773508636836346 1.1546970267308279

# Matrix 44
1.1547232757710837 -0.577356273012328
-0.577356273012328 1.1546838051708344

# Matrix 45
1.1547015017376236 0.5773202252389368
0.5773202252389368 1.1546695318777669

# Matrix 46
1.154693623381786 0.5773323218947578
0.5773323218947578 1.1546895062947342

